9000.000000 6000.000000
9000.000000 5755.102041
9000.000000 5510.204082
9000.000000 5265.306122
9000.000000 5020.408163
9000.000000 4775.510204
9000.000000 4530.612245
9000.000000 4285.714286
9000.000000 4040.816327
9000.000000 3795.918367
9000.000000 3551.020408
9000.000000 3306.122449
9000.000000 3061.224490
9000.000000 2816.326531
9000.000000 2571.428571
9000.000000 2326.530612
9000.000000 2081.632653
9000.000000 1836.734694
9000.000000 1591.836735
9000.000000 1346.938776
9000.000000 1102.040816
9000.000000 857.142857
9000.000000 612.244898
9000.000000 367.346939
9000.000000 122.448980
9000.000000 -122.448980
9000.000000 -367.346939
9000.000000 -612.244898
9000.000000 -857.142857
9000.000000 -1102.040816
9000.000000 -1346.938776
9000.000000 -1591.836735
9000.000000 -1836.734694
9000.000000 -2081.632653
9000.000000 -2326.530612
9000.000000 -2571.428571
9000.000000 -2816.326531
9000.000000 -3061.224490
9000.000000 -3306.122449
9000.000000 -3551.020408
9000.000000 -3795.918367
9000.000000 -4040.816327
9000.000000 -4285.714286
9000.000000 -4530.612245
9000.000000 -4775.510204
9000.000000 -5020.408163
9000.000000 -5265.306122
9000.000000 -5510.204082
9000.000000 -5755.102041
9000.000000 -6000.000000
-9000.000000 6000.000000
-9000.000000 5755.102041
-9000.000000 5510.204082
-9000.000000 5265.306122
-9000.000000 5020.408163
-9000.000000 4775.510204
-9000.000000 4530.612245
-9000.000000 4285.714286
-9000.000000 4040.816327
-9000.000000 3795.918367
-9000.000000 3551.020408
-9000.000000 3306.122449
-9000.000000 3061.224490
-9000.000000 2816.326531
-9000.000000 2571.428571
-9000.000000 2326.530612
-9000.000000 2081.632653
-9000.000000 1836.734694
-9000.000000 1591.836735
-9000.000000 1346.938776
-9000.000000 1102.040816
-9000.000000 857.142857
-9000.000000 612.244898
-9000.000000 367.346939
-9000.000000 122.448980
-9000.000000 -122.448980
-9000.000000 -367.346939
-9000.000000 -612.244898
-9000.000000 -857.142857
-9000.000000 -1102.040816
-9000.000000 -1346.938776
-9000.000000 -1591.836735
-9000.000000 -1836.734694
-9000.000000 -2081.632653
-9000.000000 -2326.530612
-9000.000000 -2571.428571
-9000.000000 -2816.326531
-9000.000000 -3061.224490
-9000.000000 -3306.122449
-9000.000000 -3551.020408
-9000.000000 -3795.918367
-9000.000000 -4040.816327
-9000.000000 -4285.714286
-9000.000000 -4530.612245
-9000.000000 -4775.510204
-9000.000000 -5020.408163
-9000.000000 -5265.306122
-9000.000000 -5510.204082
-9000.000000 -5755.102041
-9000.000000 -6000.000000
9000.000000 6000.000000
8632.653061 6000.000000
8265.306122 6000.000000
7897.959184 6000.000000
7530.612245 6000.000000
7163.265306 6000.000000
6795.918367 6000.000000
6428.571429 6000.000000
6061.224490 6000.000000
5693.877551 6000.000000
5326.530612 6000.000000
4959.183673 6000.000000
4591.836735 6000.000000
4224.489796 6000.000000
3857.142857 6000.000000
3489.795918 6000.000000
3122.448980 6000.000000
2755.102041 6000.000000
2387.755102 6000.000000
2020.408163 6000.000000
1653.061224 6000.000000
1285.714286 6000.000000
918.367347 6000.000000
551.020408 6000.000000
183.673469 6000.000000
-183.673469 6000.000000
-551.020408 6000.000000
-918.367347 6000.000000
-1285.714286 6000.000000
-1653.061224 6000.000000
-2020.408163 6000.000000
-2387.755102 6000.000000
-2755.102041 6000.000000
-3122.448980 6000.000000
-3489.795918 6000.000000
-3857.142857 6000.000000
-4224.489796 6000.000000
-4591.836735 6000.000000
-4959.183673 6000.000000
-5326.530612 6000.000000
-5693.877551 6000.000000
-6061.224490 6000.000000
-6428.571429 6000.000000
-6795.918367 6000.000000
-7163.265306 6000.000000
-7530.612245 6000.000000
-7897.959184 6000.000000
-8265.306122 6000.000000
-8632.653061 6000.000000
-9000.000000 6000.000000
9000.000000 -6000.000000
8632.653061 -6000.000000
8265.306122 -6000.000000
7897.959184 -6000.000000
7530.612245 -6000.000000
7163.265306 -6000.000000
6795.918367 -6000.000000
6428.571429 -6000.000000
6061.224490 -6000.000000
5693.877551 -6000.000000
5326.530612 -6000.000000
4959.183673 -6000.000000
4591.836735 -6000.000000
4224.489796 -6000.000000
3857.142857 -6000.000000
3489.795918 -6000.000000
3122.448980 -6000.000000
2755.102041 -6000.000000
2387.755102 -6000.000000
2020.408163 -6000.000000
1653.061224 -6000.000000
1285.714286 -6000.000000
918.367347 -6000.000000
551.020408 -6000.000000
183.673469 -6000.000000
-183.673469 -6000.000000
-551.020408 -6000.000000
-918.367347 -6000.000000
-1285.714286 -6000.000000
-1653.061224 -6000.000000
-2020.408163 -6000.000000
-2387.755102 -6000.000000
-2755.102041 -6000.000000
-3122.448980 -6000.000000
-3489.795918 -6000.000000
-3857.142857 -6000.000000
-4224.489796 -6000.000000
-4591.836735 -6000.000000
-4959.183673 -6000.000000
-5326.530612 -6000.000000
-5693.877551 -6000.000000
-6061.224490 -6000.000000
-6428.571429 -6000.000000
-6795.918367 -6000.000000
-7163.265306 -6000.000000
-7530.612245 -6000.000000
-7897.959184 -6000.000000
-8265.306122 -6000.000000
-8632.653061 -6000.000000
-9000.000000 -6000.000000
6500.000000 3000.000000
6500.000000 2877.551020
6500.000000 2755.102041
6500.000000 2632.653061
6500.000000 2510.204082
6500.000000 2387.755102
6500.000000 2265.306122
6500.000000 2142.857143
6500.000000 2020.408163
6500.000000 1897.959184
6500.000000 1775.510204
6500.000000 1653.061224
6500.000000 1530.612245
6500.000000 1408.163265
6500.000000 1285.714286
6500.000000 1163.265306
6500.000000 1040.816327
6500.000000 918.367347
6500.000000 795.918367
6500.000000 673.469388
6500.000000 551.020408
6500.000000 428.571429
6500.000000 306.122449
6500.000000 183.673469
6500.000000 61.224490
6500.000000 -61.224490
6500.000000 -183.673469
6500.000000 -306.122449
6500.000000 -428.571429
6500.000000 -551.020408
6500.000000 -673.469388
6500.000000 -795.918367
6500.000000 -918.367347
6500.000000 -1040.816327
6500.000000 -1163.265306
6500.000000 -1285.714286
6500.000000 -1408.163265
6500.000000 -1530.612245
6500.000000 -1653.061224
6500.000000 -1775.510204
6500.000000 -1897.959184
6500.000000 -2020.408163
6500.000000 -2142.857143
6500.000000 -2265.306122
6500.000000 -2387.755102
6500.000000 -2510.204082
6500.000000 -2632.653061
6500.000000 -2755.102041
6500.000000 -2877.551020
6500.000000 -3000.000000
9000.000000 3000.000000
8948.979592 3000.000000
8897.959184 3000.000000
8846.938776 3000.000000
8795.918367 3000.000000
8744.897959 3000.000000
8693.877551 3000.000000
8642.857143 3000.000000
8591.836735 3000.000000
8540.816327 3000.000000
8489.795918 3000.000000
8438.775510 3000.000000
8387.755102 3000.000000
8336.734694 3000.000000
8285.714286 3000.000000
8234.693878 3000.000000
8183.673469 3000.000000
8132.653061 3000.000000
8081.632653 3000.000000
8030.612245 3000.000000
7979.591837 3000.000000
7928.571429 3000.000000
7877.551020 3000.000000
7826.530612 3000.000000
7775.510204 3000.000000
7724.489796 3000.000000
7673.469388 3000.000000
7622.448980 3000.000000
7571.428571 3000.000000
7520.408163 3000.000000
7469.387755 3000.000000
7418.367347 3000.000000
7367.346939 3000.000000
7316.326531 3000.000000
7265.306122 3000.000000
7214.285714 3000.000000
7163.265306 3000.000000
7112.244898 3000.000000
7061.224490 3000.000000
7010.204082 3000.000000
6959.183673 3000.000000
6908.163265 3000.000000
6857.142857 3000.000000
6806.122449 3000.000000
6755.102041 3000.000000
6704.081633 3000.000000
6653.061224 3000.000000
6602.040816 3000.000000
6551.020408 3000.000000
6500.000000 3000.000000
9000.000000 -3000.000000
8948.979592 -3000.000000
8897.959184 -3000.000000
8846.938776 -3000.000000
8795.918367 -3000.000000
8744.897959 -3000.000000
8693.877551 -3000.000000
8642.857143 -3000.000000
8591.836735 -3000.000000
8540.816327 -3000.000000
8489.795918 -3000.000000
8438.775510 -3000.000000
8387.755102 -3000.000000
8336.734694 -3000.000000
8285.714286 -3000.000000
8234.693878 -3000.000000
8183.673469 -3000.000000
8132.653061 -3000.000000
8081.632653 -3000.000000
8030.612245 -3000.000000
7979.591837 -3000.000000
7928.571429 -3000.000000
7877.551020 -3000.000000
7826.530612 -3000.000000
7775.510204 -3000.000000
7724.489796 -3000.000000
7673.469388 -3000.000000
7622.448980 -3000.000000
7571.428571 -3000.000000
7520.408163 -3000.000000
7469.387755 -3000.000000
7418.367347 -3000.000000
7367.346939 -