668.695174 -1152.213223 -3.098907
815.374598 -1412.550360 -3.098907
901.674323 -1559.652882 -3.098907
902.034525 -1702.431356 -3.098907
707.267339 -1448.757291 -3.098907
905.510900 -1864.287146 -3.098907
873.030142 -1964.317819 -3.098907
580.829642 -1440.904303 -3.098907
743.694697 -1865.760381 -3.098907
813.232723 -2026.190004 -3.098907
745.129089 -2056.004338 -3.098907
479.155766 -1470.896769 -3.098907
670.267441 -2051.839106 -3.098907
582.317974 -2044.884048 -3.098907
361.787895 -1458.114850 -3.098907
251.957890 -1478.883266 -3.098907
461.247136 -2640.242227 -3.098907
639.435600 -3712.851871 -3.098907
390.650350 -2904.400429 -3.098907
153.056252 -1486.832158 -3.098907
43.475645 -1478.171941 -3.098907
67.776148 -2128.171041 -3.098907
0.000000 -2126.053079 -3.098907
-54.844980 -1502.752441 -3.098907
-81.367041 -2129.104244 -3.098907
-163.437635 -2138.309056 -3.098907
-137.899388 -1211.544623 -3.098907
-232.888065 -2150.789780 -3.098907
-299.959822 -2126.987828 -3.098907
-167.624767 -926.347398 -3.098907
-381.598859 -2112.422257 -3.098907
-470.375170 -2144.357392 -3.098907
-186.642341 -705.994941 -3.098907
-540.778111 -2135.380233 -3.098907
-629.018321 -2138.662293 -3.098907
-194.852545 -592.351738 -3.098907
-703.816500 -2139.602159 -3.098907
-789.317454 -2114.243181 -3.098907
-204.245809 -499.267532 -3.098907
-870.077556 -2125.271407 -3.098907
-943.090987 -2100.520835 -3.098907
-215.745726 -438.930960 -3.098907
-1052.395359 -2134.023922 -3.098907
-1547.960800 -2110.855637 -3.098907
-1642.170195 -2084.292940 -3.098907
-1777.907699 -2085.000847 -3.098907
-1853.993196 -2049.150375 -3.098907
-2014.205091 -2064.560218 -3.098907
-2082.158349 -1998.200351 -3.098907
-2201.471226 -1962.551868 -3.098907
-2170.438515 -1822.505624 -3.098907
-2360.979672 -1973.356143 -3.098907
-2511.316284 -1951.238552 -3.098907
-2681.218748 -1936.435762 -3.098907
-2276.381876 -1517.587917 -3.098907
-2778.609613 -1858.664539 -3.098907
-2271.581395 -1413.781428 -3.098907
-3157.453212 -1830.116193 -3.098907
-3445.521171 -1526.757884 -3.098907
-2197.794675 -873.295897 -3.098907
-2768.299283 -1100.441951 -3.098907
-2056.004338 -745.129089 -3.098907
-2440.592166 -886.074863 -3.098907
-2006.216666 -646.297986 -3.098907
-2419.566926 -780.999451 -3.098907
-2588.072479 -835.899186 -3.098907
-1964.195148 -553.665746 -3.098907
-2456.787362 -690.971446 -3.098907
-2756.746901 -785.255178 -3.098907
-1934.525417 -480.385506 -3.098907
-2460.665008 -611.345344 -3.098907
-2808.723047 -689.566736 -3.098907
-1939.420315 -400.813532 -3.098907
-2462.643260 -516.851054 -3.098907
-2872.699888 -594.937847 -3.098907
-4163.317416 -864.513999 -3.098907
-5466.367781 -1144.789064 -3.098907
-1918.576804 -332.553313 -3.098907
-2478.945846 -441.039445 -3.098907
-2958.565352 -519.046553 -3.098907
-1936.187328 -269.271085 -3.098907
-2495.817665 -350.023209 -3.098907
-2469.457652 -255.980366 -3.098907
-1946.213354 -128.040352 -3.098907
-2554.874203 -169.298893 -3.098907
-1940.716946 -63.839373 -3.098907
-2545.150318 -91.993385 -3.098907
-1974.296232 -0.000000 -3.098907
-2541.053694 -0.000000 -3.098907
-5555.436794 -0.000000 -3.098907
-6501.035474 -0.000000 -3.098907
-1977.003275 77.529540 -3.098907
-2021.867357 157.548106 -3.098907
-2557.517841 184.880808 -3.098907
-2071.335974 227.178784 -3.098907
-2578.392921 279.584775 -3.098907
-2941.421274 307.823157 -3.098907
-2130.829556 314.160768 -3.098907
-2608.182682 377.086653 -3.098907
-2918.229299 426.641710 -3.098907
-2199.627713 406.300660 -3.098907
-2773.300695 511.740009 -3.098907
-2317.790469 495.628151 -3.098907
-2521.961497 541.525475 -3.098907
-2630.382859 657.595715 -3.098907
-2639.133636 760.977184 -3.098907
-2657.399186 869.396030 -3.098907
-2628.105813 969.114019 -3.098907
-3926.879587 1436.115963 -3.098907
-2665.828731 1089.804198 -3.098907
-3698.649056 1514.066865 -3.098907
-2656.122203 1201.176283 -3.098907
-3476.330635 1561.226333 -3.098907
-3369.792023 1643.800987 -3.098907
-3198.291665 1699.092447 -3.098907
-2642.937559 1522.752104 -3.098907
-3049.841900 1759.524173 -3.098907
-2853.691836 1795.369036 -3.098907
-2716.282393 1829.333040 -3.098907
-2537.339335 1840.464447 -3.098907
-2457.586409 1923.328494 -3.098907
-2311.792020 1946.772228 -3.098907
-2156.907533 1937.846611 -3.098907
-4670.728735 4225.897427 -3.098907
-282.093111 274.859954 -3.098907
-2106.738955 2038.779634 -3.098907
-1974.380078 2040.745795 -3.098907
-276.197633 305.271068 -3.098907
-1876.473101 2090.456876 -3.098907
-1743.759081 2063.714876 -3.098907
-279.847830 360.856412 -3.098907
-1662.452315 2126.020749 -3.098907
-1518.672141 2092.048358 -3.098907
-325.093794 658.314932 -3.098907
-1065.754205 2175.914834 -3.098907
-987.338613 2195.723184 -3.098907
-300.323460 742.466332 -3.098907
-892.452934 2209.186772 -3.098907
-820.108961 2240.654841 -3.098907
-317.845125 962.616664 -3.098907
-739.653063 2233.462191 -3.098907
-653.857100 2266.704612 -3.098907
-330.534357 1301.479032 -3.098907
-578.449040 2270.412481 -3.098907
-489.008964 2272.453422 -3.098907
-268.075219 1530.262709 -3.098907
-401.781898 2281.547204 -3.098907
-330.925701 2302.091833 -3.098907
-167.125211 1537.551945 -3.098907
-256.765670 2282.361507 -3.098907
-172.192242 2310.245911 -3.098907
-55.850859 1552.653869 -3.098907
-93.385436 2599.227965 -3.098907
-16.027682 2708.678275 -3.098907
44.667337 1552.189970 -3.098907
352.932003 5239.682809 -3.098907
157.275329 1561.519335 -3.098907
273.077914 1581.576254 -3.098907
412.886214 2374.095733 -3.098907
566.765330 2688.086994 -3.098907
390.860724 1586.434704 -3.098907
509.854332 1575.913391 -3.098907
678.472402 2090.802707 -3.098907
711.170661 1972.492212 -3.098907
641.348569 1603.371422 -3.098907
711.997592 1792.708224 -3.098907
747.950563 1555.262281 -3.098907
793.447458 1382.865569 -3.098907
1316.725164 2272.918438 -3.098907
1830.116193 3157.453212 -3.098907
1179.878033 1910.278720 -3.098907
1268.807546 2050.747079 -3.098907
-278.190604 336.757047 -3.098907
-290.190753 394.361793 -3.098907
-208.584641 -446.967088 -3.098907
-318.019325 439.169544 -3.098907
-204.851128 -508.334281 -3.098907
-201.484390 -573.455572 -3.098907
-292.410269 592.723518 -3.098907
-197.719154 -632.701292 -3.098907
-300.214196 665.339569 -3.098907
-186.642341 -705.994941 -3.098907
-300.323460 742.466332 -3.098907
-175.452609 -785.359296 -3.098907
-308.876413 815.090535 -3.098907
-171.948534 -859.742669 -3.098907
-320.272781 907.439546 -3.098907
-159.538888 -939.506785 -3.098907
-321.600991 992.368771 -3.098907
-156.938248 -1043.177764 -3.098907
-336.069023 1104.226790 -3.098907
-143.764665 -1140.533007 -3.098907
-339.625107 1208.665822 -3.098907
-129.845015 -1248.509762 -3.098907
-346.994211 1345.916940 -3.098907
-125.518064 -1370.238869 -3.098907
682.980624 -1208.350334 -3.098907
783.169824 1301.606186 -3.098907
353.151786 -1478.823105 -3.098907
529.119635 -1422.009018 -3.098907
662.072650 -1368.283477 -3.098907
728.782319 -1336.100919 -3.098907
772.962026 1499.077869 -3.098907
599.077375 1585.793051 -3.098907
904.080173 -1432.438716 -3.098907
744.740281 1700.490309 -3.098907
901.587856 -1652.911070 -3.098907
