-7973.608075 -1822.956259
-7968.748559 -1709.182440
-7963.889042 -1595.408622
-7959.029525 -1481.634804
-7954.170009 -1367.860986
-7949.310492 -1254.087167
-7944.450975 -1140.313349
-7939.591459 -1026.539531
-7934.731942 -912.765712
-7929.872426 -798.991894
-7925.012909 -685.218076
-7920.153392 -571.444258
-7915.293876 -457.670439
-7910.434359 -343.896621
-7905.574842 -230.122803
-7900.715326 -116.348985
-7895.855809 -2.575166
-7890.996293 111.198652
-7886.136776 224.972470
-7881.277259 338.746289
-7876.417743 452.520107
-7871.558226 566.293925
-7866.698709 680.067743
-7861.839193 793.841562
-7856.979676 907.615380
-7852.120160 1021.389198
-7847.260643 1135.163016
-7842.401126 1248.936835
-7837.541610 1362.710653
-7832.682093 1476.484471
-7827.822577 1590.258290
-7822.963060 1704.032108
-7818.103543 1817.805926
-7813.244027 1931.579744
-7808.384510 2045.353563
-7803.524993 2159.127381
-7798.665477 2272.901199
-7793.805960 2386.675018
-7788.946444 2500.448836
-7784.086927 2614.222654
-7779.227410 2727.996472
-7774.367894 2841.770291
-7769.508377 2955.544109
-7764.648860 3069.317927
-7759.789344 3183.091745
-7754.929827 3296.865564
-7750.070311 3410.639382
-7745.210794 3524.413200
-7740.351277 3638.187019
-7735.491761 3751.960837
918.284783 -2202.747513
923.144300 -2088.973695
928.003816 -1975.199876
932.863333 -1861.426058
937.722850 -1747.652240
942.582366 -1633.878421
947.441883 -1520.104603
952.301399 -1406.330785
957.160916 -1292.556967
962.020433 -1178.783148
966.879949 -1065.009330
971.739466 -951.235512
976.598983 -837.461694
981.458499 -723.687875
986.318016 -609.914057
991.177532 -496.140239
996.037049 -382.366420
1000.896566 -268.592602
1005.756082 -154.818784
1010.615599 -41.044966
1015.475116 72.728853
1020.334632 186.502671
1025.194149 300.276489
1030.053665 414.050307
1034.913182 527.824126
1039.772699 641.597944
1044.632215 755.371762
1049.491732 869.145581
1054.351249 982.919399
1059.210765 1096.693217
1064.070282 1210.467035
1068.929798 1324.240854
1073.789315 1438.014672
1078.648832 1551.788490
1083.508348 1665.562308
1088.367865 1779.336127
1093.227381 1893.109945
1098.086898 2006.883763
1102.946415 2120.657582
1107.805931 2234.431400
1112.665448 2348.205218
1117.524965 2461.979036
1122.384481 2575.752855
1127.243998 2689.526673
1132.103514 2803.300491
1136.963031 2917.074310
1141.822548 3030.848128
1146.682064 3144.621946
1151.541581 3258.395764
1156.401098 3372.169583
-7973.608075 -1822.956259
-7792.140874 -1830.707101
-7610.673673 -1838.457942
-7429.206472 -1846.208784
-7247.739270 -1853.959626
-7066.272069 -1861.710468
-6884.804868 -1869.461310
-6703.337667 -1877.212152
-6521.870466 -1884.962994
-6340.403264 -1892.713836
-6158.936063 -1900.464678
-5977.468862 -1908.215520
-5796.001661 -1915.966362
-5614.534460 -1923.717204
-5433.067259 -1931.468046
-5251.600057 -1939.218887
-5070.132856 -1946.969729
-4888.665655 -1954.720571
-4707.198454 -1962.471413
-4525.731253 -1970.222255
-4344.264051 -1977.973097
-4162.796850 -1985.723939
-3981.329649 -1993.474781
-3799.862448 -2001.225623
-3618.395247 -2008.976465
-3436.928045 -2016.727307
-3255.460844 -2024.478149
-3073.993643 -2032.228991
-2892.526442 -2039.979832
-2711.059241 -2047.730674
-2529.592039 -2055.481516
-2348.124838 -2063.232358
-2166.657637 -2070.983200
-1985.190436 -2078.734042
-1803.723235 -2086.484884
-1622.256034 -2094.235726
-1440.788832 -2101.986568
-1259.321631 -2109.737410
-1077.854430 -2117.488252
-896.387229 -2125.239094
-714.920028 -2132.989936
-533.452826 -2140.740777
-351.985625 -2148.491619
-170.518424 -2156.242461
10.948777 -2163.993303
192.415978 -2171.744145
373.883180 -2179.494987
555.350381 -2187.245829
736.817582 -2194.996671
918.284783 -2202.747513
-7735.491761 3751.960837
-7554.024560 3744.209995
-7372.557358 3736.459153
-7191.090157 3728.708311
-7009.622956 3720.957469
-6828.155755 3713.206627
-6646.688554 3705.455785
-6465.221352 3697.704943
-6283.754151 3689.954101
-6102.286950 3682.203259
-5920.819749 3674.452418
-5739.352548 3666.701576
-5557.885346 3658.950734
-5376.418145 3651.199892
-5194.950944 3643.449050
-5013.483743 3635.698208
-4832.016542 3627.947366
-4650.549341 3620.196524
-4469.082139 3612.445682
-4287.614938 3604.694840
-4106.147737 3596.943998
-3924.680536 3589.193156
-3743.213335 3581.442315
-3561.746133 3573.691473
-3380.278932 3565.940631
-3198.811731 3558.189789
-3017.344530 3550.438947
-2835.877329 3542.688105
-2654.410127 3534.937263
-2472.942926 3527.186421
-2291.475725 3519.435579
-2110.008524 3511.684737
-1928.541323 3503.933895
-1747.074121 3496.183053
-1565.606920 3488.432211
-1384.139719 3480.681370
-1202.672518 3472.930528
-1021.205317 3465.179686
-839.738116 3457.428844
-658.270914 3449.678002
-476.803713 3441.927160
-295.336512 3434.176318
-113.869311 3426.425476
67.597890 3418.674634
249.065092 3410.923792
430.532293 3403.172950
611.999494 3395.422108
793.466695 3387.671266
974.933896 3379.920425
1156.401098 3372.169583
-6642.536712 -888.906460
-6639.401540 -815.503996
-6636.266368 -742.101533
-6633.131196 -668.699069
-6629.996024 -595.296606
-6626.860852 -521.894143
-6623.725680 -448.491679
-6620.590508 -375.089216
-6617.455336 -301.686752
-6614.320164 -228.284289
-6611.184992 -154.881826
-6608.049820 -81.479362
-6604.914648 -8.076899
-6601.779476 65.325565
-6598.644304 138.728028
-6595.509132 212.130491
-6592.373960 285.532955
-6589.238788 358.935418
-6586.103616 432.337882
-6582.968444 505.740345
-6579.833272 579.142809
-6576.698100 652.545272
-6573.562928 725.947735
-6570.427756 799.350199
-6567.292584 872.752662
-6564.157412 946.155126
-6561.022240 1019.557589
-6557.887068 1092.960052
-6554.751896 1166.362516
-6551.616724 1239.764979
-6548.481552 1313.167443
-6545.346380 1386.569906
-6542.211208 1459.972369
-6539.076036 1533.374833
-6535.940864 1606.777296
-6532.805692 1680.179760
-6529.670520 1753.582223
-6526.535348 1826.984686
-6523.400176 1900.387150
-6520.265004 1973.789613
-6517.129832 2047.192077
-6513.994660 2120.594540
-6510.859488 2193.997003
-6507.724316 2267.399467
-6504.589144 2340.801930
-6501.453972 2414.204394
-6498.318800 2487.606857
-6495.183628 2561.009320
-6492.048456 2634.411784
-6488.913284 2707.814247
-7931.361632 -833.858064
-7905.059083 -834.981501
-7878.756534 -836.104938
-7852.453984 -837.228374
-7826.151435 -838.351811
-7799.848885 -839.475247
-7773.546336 -840.598684
-7747.243787 -841.722121
-7720.941237 -842.845557
-7694.638688 -843.968994
-7668.336138 -845.092431
-7642.033589 -846.215867
-7615.731040 -847.339304
-7589.428490 -848.462741
-7563.125941 -849.586177
-7536.823391 -850.709614
-7510.520842 -851.833050
-7484.218293 -852.956487
-7457.915743 -854.079924
-7431.613194 -855.203360
-7405.310645 -856.326797
-7379.008095 -857.450234
-7352.705546 -858.573670
-7326.402996 -859.697107
-7300.100447 -860.820544
-7273.797898 -861.943980
-7247.495348 -863.067417
-7221.192799 -864.190854
-7194.890249 -865.314290
-7168.587700 -866.437727
-7142.285151 -867.561163
-7115.982601 -868.684600
-7089.680052 -869.808037
-7063.377503 -870.931473
-7037.074953 -872.054910
-7010.772404 -873.178347
-6984.469854 -874.301783
-6958.167305 -875.425220
-6931.864756 -876.548657
-6905.562206 -877.672093
-6879.259657 -878.795530
-6852.957107 -879.918966
-6826.654558 -881.042403
-6800.352009 -882.165840
-6774.049459 -883.289276
-6747.746910 -884.412713
-6721.444361 -885.536150
-6695.141811 -886.659586
-6668.839262 -887.783023
-6642.536712 -888.906460
-7777.738204 2762.862642
-7751.435654 2761.739206
-7725.133105 2760.615769
-7698.830555 2759.492333
-7672.528006 2758.368896
-7646.225457 2757.245459
-7619.922907 2756.122023
-7593.620358 2754.998586
-7567.317809 2753.875149
-7541.015259 2752.751713
-7514.712710 2751.628276
-7488.410160 2750.504839
-7462.107611 2749.381403
-7435.805062 2748.257966
-7409.502512 2747.134530
-7383.199963 2746.011093
-7356.897413 2744.887656
-7330.594864 2743.764220
-7304.292315 2742.640783
-7277.989765 2741.517346
-7251.687216 2740.393910
-7225.384667 2739.270473
-7199.082117 2738.147036
-7172.779568 2737.023600
-7146.477018 2735.900163
-7120.174469 2734.776726
-7093.871920 2733.653290
-7067.569370 2732.529853
-7041.266821 2731.406417
-7014.964271 2730.282980
-6988.661722 2729.159543
-6962.359173 2728.036107
-6936.056623 2726.912670
-6909.754074 2725.789233
-6883.451524 2724.665797
-6857.148975 2723.542360
-6830.846426 2722.418923
-6804.543876 2721.295487
-6778.241327 2720.172050
-6751.938778 2719.048614
-6725.636228 2717.925177
-6699.333679 2716.801740
-6673.031129 2715.678304
-6646.728580 2714.554867
-6620.426031 2713.431430
-6594.123481 2712.307994
-6567.820932 2711.184557
-6541.518382 2710.061120
-6515.215833 2708.937684
-6488.913284 2707.814247
-328.293694 -1158.600923
-325.158522 -1085.198460
-322.023350 -1011.795996
-318.888178 -938.393533
-315.753006 -864.991070
-312.617834 -791.588606
-309.482662 -718.186143
-306.347490 -644.783679
-303.212318 -571.381216
-300.077146 -497.978753
-296.941974 -424.576289
-293.806802 -351.173826
-290.671630 -277.771362
-287.536458 -204.368899
-284.401286 -130.966436
-281.266114 -57.563972
-278.130942 15.838491
-274.995770 89.240955
-271.860598 162.643418
-268.725426 236.045881
-265.590254 309.448345
-262.455082 382.850808
-259.319910 456.253272
-256.184738 529.655735
-253.049566 603.058198
-249.914394 676.460662
-246.779222 749.863125
-243.644050 823.265589
-240.508878 896.668052
-237.373706 970.070515
-234.238533 1043.472979
-231.103361 1116.875442
-227.968189 1190.277906
-224.833017 1263.680369
-221.697845 1337.082832
-218.562673 1410.485296
-215.427501 1483.887759
-212.292329 1557.290223
-209.157157 1630.692686
-206.021985 1704.095149
-202.886813 1777.497613
-199.751641 1850.900076
-196.616469 1924.302540
-193.481297 1997.705003
-190.346125 2071.107467
-187.210953 2144.509930
-184.075781 2217.912393
-180.940609 2291.314857
-177.805437 2364.717320
-174.670265 2438.119784
960.531226 -1213.649318
934.228677 -1212.525882
907.926127 -1211.402445
881.623578 -1210.279009
855.321028 -1209.155572
829.018479 -1208.032135
802.715930 -1206.908699
776.413380 -1205.785262
750.110831 -1204.661825
723.808282 -1203.538389
697.505732 -1202.414952
671.203183 -1201.291515
644.900633 -1200.168079
618.598084 -1199.044642
592.295535 -1197.921206
565.992985 -1196.797769
539.690436 -1195.674332
513.387886 -1194.550896
487.085337 -1193.427459
460.782788 -1192.304022
434.480238 -1191.180586
408.177689 -1190.057149
381.875140 -1188.933712
355.572590 -1187.810276
329.270041 -1186.686839
302.967491 -1185.563403
276.664942 -1184.439966
250.362393 -1183.316529
224.059843 -1182.193093
197.757294 -1181.069656
171.454744 -1179.946219
145.152195 -1178.822783
118.849646 -1177.699346
92.547096 -1176.575909
66.244547 -1175.452473
39.941997 -1174.329036
13.639448 -1173.205599
-12.663101 -1172.082163
-38.965651 -1170.958726
-65.268200 -1169.835290
-91.570749 -1168.711853
-117.873299 -1167.588416
-144.175848 -1166.464980
-170.478398 -1165.341543
-196.780947 -1164.218106
-223.083496 -1163.094670
-249.386046 -1161.971233
-275.688595 -1160.847796
-301.991145 -1159.724360
-328.293694 -1158.600923
1114.154655 2383.071388
1087.852105 2384.194825
1061.549556 2385.318262
1035.247007 2386.441698
1008.944457 2387.565135
982.641908 2388.688571
956.339358 2389.812008
930.036809 2390.935445
903.734260 2392.058881
877.431710 2393.182318
851.129161 2394.305755
824.826611 2395.429191
798.524062 2396.552628
772.221513 2397.676065
745.918963 2398.799501
719.616414 2399.922938
693.313864 2401.046374
667.011315 2402.169811
640.708766 2403.293248
614.406216 2404.416684
588.103667 2405.540121
561.801118 2406.663558
535.498568 2407.786994
509.196019 2408.910431
482.893469 2410.033868
456.590920 2411.157304
430.288371 2412.280741
403.985821 2413.404177
377.683272 2414.527614
351.380722 2415.651051
325.078173 2416.774487
298.775624 2417.897924
272.473074 2419.021361
246.170525 2420.144797
219.867976 2421.268234
193.565426 2422.391671
167.262877 2423.515107
140.960327 2424.638544
114.657778 2425.761980
88.355229 2426.885417
62.052679 2428.008854
35.750130 2429.132290
9.447580 2430.255727
-16.854969 2431.379164
-43.157518 2432.502600
-69.460068 2433.626037
-95.762617 2434.749474
-122.065166 2435.872910
-148.367716 2436.996347
-174.670265 2438.119784
-3289.545332 3562.065210
-3294.404848 3448.291391
-3299.264365 3334.517573
-3304.123881 3220.743755
-3308.983398 3106.969937
-3313.842915 2993.196118
-3318.702431 2879.422300
-3323.561948 2765.648482
-3328.421465 2651.874664
-3333.280981 2538.100845
-3338.140498 2424.327027
-3343.000014 2310.553209
-3347.859531 2196.779390
-3352.719048 2083.005572
-3357.578564 1969.231754
-3362.438081 1855.457936
-3367.297598 1741.684117
-3372.157114 1627.910299
-3377.016631 1514.136481
-3381.876147 1400.362662
-3386.735664 1286.588844
-3391.595181 1172.815026
-3396.454697 1059.041208
-3401.314214 945.267389
-3406.173730 831.493571
-3411.033247 717.719753
-3415.892764 603.945935
-3420.752280 490.172116
-3425.611797 376.398298
-3430.471314 262.624480
-3435.330830 148.850661
-3440.190347 35.076843
-3445.049863 -78.696975
-3449.909380 -192.470793
-3454.768897 -306.244612
-3459.628413 -420.018430
-3464.487930 -533.792248
-3469.347447 -647.566066
-3474.206963 -761.339885
-3479.066480 -875.113703
-3483.925996 -988.887521
-3488.785513 -1102.661340
-3493.645030 -1216.435158
-3498.504546 -1330.208976
-3503.364063 -1443.982794
-3508.223580 -1557.756613
-3513.083096 -1671.530431
-3517.942613 -1785.304249
-3522.802129 -1899.078067
-3527.661646 -2012.851886
-7514.656728 -451.291700
-7512.218261 -394.200895
-7509.779794 -337.110090
-7507.341327 -280.019285
-7504.902860 -222.928481
-7502.464393 -165.837676
-7500.025926 -108.746871
-7497.587458 -51.656066
-7495.148991 5.434739
-7492.710524 62.525544
-7490.272057 119.616349
-7487.833590 176.707154
-7485.395123 233.797958
-7482.956656 290.888763
-7480.518189 347.979568
-7478.079722 405.070373
-7475.641254 462.161178
-7473.202787 519.251983
-7470.764320 576.342788
-7468.325853 633.433592
-7465.887386 690.524397
-7463.448919 747.615202
-7461.010452 804.706007
-7458.571985 861.796812
-7456.133517 918.887617
-7453.695050 975.978422
-7451.256583 1033.069227
-7448.818116 1090.160031
-7446.379649 1147.250836
-7443.941182 1204.341641
-7441.502715 1261.432446
-7439.064248 1318.523251
-7436.625780 1375.614056
-7434.187313 1432.704861
-7431.748846 1489.795665
-7429.310379 1546.886470
-7426.871912 1603.977275
-7424.433445 1661.068080
-7421.994978 1718.158885
-7419.556511 1775.249690
-7417.118043 1832.340495
-7414.679576 1889.431300
-7412.241109 1946.522104
-7409.802642 2003.612909
-7407.364175 2060.703714
-7404.925708 2117.794519
-7402.487241 2174.885324
-7400.048774 2231.976129
-7397.610307 2289.066934
-7395.171839 2346.157739
-7914.292362 -434.222430
-7906.136533 -434.570783
-7897.980704 -434.919135
-7889.824875 -435.267488
-7881.669045 -435.615840
-7873.513216 -435.964192
-7865.357387 -436.312545
-7857.201558 -436.660897
-7849.045728 -437.009250
-7840.889899 -437.357602
-7832.734070 -437.705955
-7824.578240 -438.054307
-7816.422411 -438.402660
-7808.266582 -438.751012
-7800.110753 -439.099364
-7791.954923 -439.447717
-7783.799094 -439.796069
-7775.643265 -440.144422
-7767.487436 -440.492774
-7759.331606 -440.841127
-7751.175777 -441.189479
-7743.019948 -441.537832
-7734.864119 -441.886184
-7726.708289 -442.234536
-7718.552460 -442.582889
-7710.396631 -442.931241
-7702.240801 -443.279594
-7694.084972 -443.627946
-7685.929143 -443.976299
-7677.773314 -444.324651
-7669.617484 -444.673004
-7661.461655 -445.021356
-7653.305826 -445.369708
-7645.149997 -445.718061
-7636.994167 -446.066413
-7628.838338 -446.414766
-7620.682509 -446.763118
-7612.526680 -447.111471
-7604.370850 -447.459823
-7596.215021 -447.808176
-7588.059192 -448.156528
-7579.903362 -448.504880
-7571.747533 -448.853233
-7563.591704 -449.201585
-7555.435875 -449.549938
-7547.280045 -449.898290
-7539.124216 -450.246643
-7530.968387 -450.594995
-7522.812558 -450.943348
-7514.656728 -451.291700
-7794.807473 2363.227008
-7786.651644 2362.878656
-7778.495815 2362.530303
-7770.339986 2362.181951
-7762.184156 2361.833599
-7754.028327 2361.485246
-7745.872498 2361.136894
-7737.716669 2360.788541
-7729.560839 2360.440189
-7721.405010 2360.091836
-7713.249181 2359.743484
-7705.093352 2359.395131
-7696.937522 2359.046779
-7688.781693 2358.698427
-7680.625864 2358.350074
-7672.470034 2358.001722
-7664.314205 2357.653369
-7656.158376 2357.305017
-7648.002547 2356.956664
-7639.846717 2356.608312
-7631.690888 2356.259959
-7623.535059 2355.911607
-7615.379230 2355.563255
-7607.223400 2355.214902
-7599.067571 2354.866550
-7590.911742 2354.518197
-7582.755913 2354.169845
-7574.600083 2353.821492
-7566.444254 2353.473140
-7558.288425 2353.124787
-7550.132595 2352.776435
-7541.976766 2352.428083
-7533.820937 2352.079730
-7525.665108 2351.731378
-7517.509278 2351.383025
-7509.353449 2351.034673
-7501.197620 2350.686320
-7493.041791 2350.337968
-7484.885961 2349.989615
-7476.730132 2349.641263
-7468.574303 2349.292911
-7460.418474 2348.944558
-7452.262644 2348.596206
-7444.106815 2348.247853
-7435.950986 2347.899501
-7427.795156 2347.551148
-7419.639327 2347.202796
-7411.483498 2346.854443
-7403.327669 2346.506091
-7395.171839 2346.157739
577.964862 -796.944415
580.403329 -739.853610
582.841796 -682.762805
585.280263 -625.672000
587.718730 -568.581195
590.157197 -511.490390
592.595665 -454.399585
595.034132 -397.308780
597.472599 -340.217976
599.911066 -283.127171
602.349533 -226.036366
604.788000 -168.945561
607.226467 -111.854756
609.664934 -54.763951
612.103401 2.326854
614.541869 59.417658
616.980336 116.508463
619.418803 173.599268
621.857270 230.690073
624.295737 287.780878
626.734204 344.871683
629.172671 401.962488
631.611138 459.053293
634.049606 516.144097
636.488073 573.234902
638.926540 630.325707
641.365007 687.416512
643.803474 744.507317
646.241941 801.598122
648.680408 858.688927
651.118875 915.779732
653.557343 972.870536
655.995810 1029.961341
658.434277 1087.052146
660.872744 1144.142951
663.311211 1201.233756
665.749678 1258.324561
668.188145 1315.415366
670.626612 1372.506170
673.065080 1429.596975
675.503547 1486.687780
677.942014 1543.778585
680.380481 1600.869390
682.818948 1657.960195
685.257415 1715.051000
687.695882 1772.141805
690.134349 1829.232609
692.572816 1886.323414
695.011284 1943.414219
697.449751 2000.505024
977.600496 -814.013684
969.444667 -813.665332
961.288837 -813.316980
953.133008 -812.968627
944.977179 -812.620275
936.821350 -812.271922
928.665520 -811.923570
920.509691 -811.575217
912.353862 -811.226865
904.198032 -810.878512
896.042203 -810.530160
887.886374 -810.181807
879.730545 -809.833455
871.574715 -809.485103
863.418886 -809.136750
855.263057 -808.788398
847.107228 -808.440045
838.951398 -808.091693
830.795569 -807.743340
822.639740 -807.394988
814.483911 -807.046635
806.328081 -806.698283
798.172252 -806.349931
790.016423 -806.001578
781.860593 -805.653226
773.704764 -805.304873
765.548935 -804.956521
757.393106 -804.608168
749.237276 -804.259816
741.081447 -803.911463
732.925618 -803.563111
724.769789 -803.214759
716.613959 -802.866406
708.458130 -802.518054
700.302301 -802.169701
692.146472 -801.821349
683.990642 -801.472996
675.834813 -801.124644
667.678984 -800.776291
659.523154 -800.427939
651.367325 -800.079587
643.211496 -799.731234
635.055667 -799.382882
626.899837 -799.034529
618.744008 -798.686177
610.588179 -798.337824
602.432350 -797.989472
594.276520 -797.641119
586.120691 -797.292767
577.964862 -796.944415
1097.085385 1983.435754
1088.929556 1983.784107
1080.773726 1984.132459
1072.617897 1984.480812
1064.462068 1984.829164
1056.306238 1985.177516
1048.150409 1985.525869
1039.994580 1985.874221
1031.838751 1986.222574
1023.682921 1986.570926
1015.527092 1986.919279
1007.371263 1987.267631
999.215434 1987.615984
991.059604 1987.964336
982.903775 1988.312688
974.747946 1988.661041
966.592117 1989.009393
958.436287 1989.357746
950.280458 1989.706098
942.124629 1990.054451
933.968799 1990.402803
925.812970 1990.751156
917.657141 1991.099508
909.501312 1991.447860
901.345482 1991.796213
893.189653 1992.144565
885.033824 1992.492918
876.877995 1992.841270
868.722165 1993.189623
860.566336 1993.537975
852.410507 1993.886328
844.254678 1994.234680
836.098848 1994.583032
827.943019 1994.931385
819.787190 1995.279737
811.631360 1995.628090
803.475531 1995.976442
795.319702 1996.324795
787.163873 1996.673147
779.008043 1997.021500
770.852214 1997.369852
762.696385 1997.718204
754.540556 1998.066557
746.384726 1998.414909
738.228897 1998.763262
730.073068 1999.111614
721.917239 1999.459967
713.761409 1999.808319
705.605580 2000.156672
697.449751 2000.505024
-4407.692574 817.279837
-4404.946991 689.168814
-4385.841475 562.460678
-4350.689738 439.235974
-4300.068972 321.518047
-4234.810366 211.239823
-4155.985467 110.212066
-4064.888576 20.093651
-3963.015502 -57.635682
-3852.038998 -121.699619
-3733.781296 -171.046231
-3610.184183 -204.865249
-3483.277120 -222.601365
-3355.143918 -223.963353
-3227.888522 -208.928849
-3103.600459 -177.744719
-2984.320539 -130.923005
-2872.007332 -69.232520
-2768.505020 6.313782
-2675.513106 94.475431
-2594.558517 193.804817
-2526.970523 302.670952
-2473.858919 419.286259
-2436.095794 541.735917
-2414.301219 668.009307
-2408.833060 796.033021
-2419.781103 923.704916
-2446.965583 1048.928622
-2489.940130 1169.647968
-2547.999105 1283.880747
-2620.189179 1389.751260
-2705.324995 1485.521116
-2802.008624 1569.617775
-2908.652525 1640.660375
-3023.505606 1697.482396
-3144.681983 1739.150823
-3270.191945 1764.981462
-3397.974620 1774.550174
-3525.931821 1767.699841
-3651.962494 1744.542946
-3773.997219 1705.459723
-3890.032189 1651.091919
-3998.162113 1582.332252
-4096.611501 1500.309752
-4183.763816 1406.371228
-4258.188020 1302.059147
-4318.662070 1189.086311
-4364.192982 1069.307731
-4394.033142 944.690167
-4407.692574 817.279837
