2847.668847 2790.497427
-9097.065892 2366.369002
5892.258768 3039.420728
-8464.964267 4100.532591
-2732.668752 4186.067610
-7839.817758 -4742.287901
2984.932680 3959.214858
5548.763710 -4868.881961
-283.759683 -2425.669787
3722.315842 -619.090684
4720.905015 -5111.880936
-8713.627683 -4881.398055
-518.716521 5572.328520
3521.667859 6233.926818
-1951.917071 -2064.848849
-8433.761854 -976.878767
-8142.590791 -5376.050278
-8397.235187 4843.400647
-1681.407274 -1785.133381
1051.765006 -5681.383791
-471.416289 3973.438548
-7338.168955 4465.439699
-1300.350279 -2323.343117
-241.131531 -6356.442462
-2604.709987 -1252.718175
-8265.674179 -569.838740
7425.216915 311.629550
616.110662 1019.421450
-3896.752592 6307.642880
-2531.134010 589.983395
7361.773515 -6166.539003
324.638828 -4736.426891
-4434.603962 811.688737
8411.303922 -5787.771401
2092.398195 -1129.274715
2181.010132 -331.753607
-8597.678044 -1702.495965
1046.266365 5152.713055
8356.607051 -3940.008506
3614.584342 768.669570
-22.485931 -645.343412
-7268.698761 6011.071623
1467.318187 -3448.483390
-2638.151625 -4146.679926
-6628.440347 3715.408833
-3020.465033 -1232.065980
9187.012455 -660.983120
-6453.598682 -6382.392871
7705.466395 5752.105420
2807.800385 1782.378359
8210.168313 -4667.957838
-4863.846130 -3190.464618
3422.588129 4245.297707
3464.120784 -3989.013980
4454.620312 -2074.842128
-5645.623284 2300.095075
-6797.284172 2130.958890
-1010.145430 4164.378867
2896.903587 2984.776450
-8407.889713 -1535.205487
-9150.659332 -2370.583538
-1404.631763 747.103283
5719.831822 -3353.571910
-1646.872547 5444.079626
-5658.440957 2047.286478
5212.524796 4631.773937
4842.034827 6430.788395
-5932.588909 -693.166126
2239.919961 -5152.376563
9411.168472 -4451.851423
-9109.259045 -4257.921142
-6168.848503 1219.070866
1528.701319 -1314.803773
6015.708619 3996.971548
-4780.978239 -6297.283101
-9184.799600 3692.841124
-781.220482 560.278226
1311.771536 2949.045090
75.577790 -1958.251158
-6219.335351 -1974.505100
-5330.167484 -1752.338370
1518.249694 475.291188
27.070054 -4917.081050
3053.881716 5620.842640
4627.805455 -4074.951745
-231.538416 -3904.306321
-7734.773182 1997.873986
3625.816985 -3542.451946
4535.086655 2944.094750
7324.939399 5137.290512
-5847.514490 -4933.070141
3042.065658 2537.429253
4284.048079 -3879.108030
-5836.735415 4638.746114
-662.157362 1360.071297
4714.341272 -5232.846007
6070.285275 -4073.231850
-1187.290536 4834.702157
5314.024940 1492.789869
-490.848354 53.654731
244.258062 2500.445326
7845.085134 -1859.759496
6707.784368 -5372.888872
7796.057074 -2918.746566
7690.611871 3064.638953
-7824.529489 -155.015410
-759.166587 -2449.868544
-199.519917 3175.357790
4601.182060 364.708657
4283.517122 -6405.067089
2063.149929 196.525453
2044.912988 -887.852101
-3687.944000 -2747.908556
-5673.350980 -3865.724961
8577.573754 -5055.458684
-3482.364360 -3957.061467
5090.296281 1960.160374
-1744.217516 -4610.919194
7944.911243 4962.247908
-8482.230813 1448.756401
3474.295741 -3579.103192
-9208.023620 4250.598995
3687.876788 -4699.707810
-728.954982 -2134.131610
9.745680 -2718.926306
-4193.178605 1340.979401
811.613443 -1622.260496
-7210.592918 3623.122152
-1142.088199 2606.829502
-3973.847485 3256.651412
-6761.719122 -808.757381
173.554950 -653.951551
-3627.940150 -4573.690600
-2023.420048 1364.136612
3348.172323 -5064.216499
-8127.551195 -1489.110969
2899.879929 5499.437786
7366.299107 -5853.438789
-4362.813596 -197.382886
618.723898 3527.314140
-1710.571307 5350.585199
147.450727 -966.044260
-1197.297019 2994.573672
2.241461 -4820.469578
7507.715180 3898.101052
1591.697873 4789.826867
7076.825198 332.646405
748.393418 -1078.279965
9167.185035 2381.128568
-6896.888743 -3631.880099
-8751.058693 1636.450440
-2356.029085 -4697.983007
-6354.823554 920.418549
-7624.565313 -5513.052702
2540.790673 6042.471642
-4154.009951 693.065262
-3597.145763 -915.292439
-4412.003346 6030.138054
-4374.175602 5847.478875
4809.249273 -5291.440480
-9140.576235 -4824.968581
-5810.371228 3.137179
5538.419243 2103.925248
-7027.144991 3338.705026
1644.516051 -1363.386874
6596.574663 2238.433054
9136.479652 6220.053829
2729.110955 -3224.086774
4175.767662 227.572480
-321.363815 -2927.351313
-708.559595 -2726.544007
-8131.390977 -254.420409
5862.592776 -2912.024773
-7098.905375 -1269.783439
161.356042 6286.834026
6846.092187 4350.928663
5112.000944 4147.327344
-7399.092508 -426.323537
-1633.794734 -4013.303945
3270.079285 2202.514693
-9019.359203 -4715.747733
-78.168856 -3826.640784
-567.378795 -6263.147460
-7406.812554 -4669.849218
83.964552 1875.201246
-3859.256821 109.475562
4914.513401 -2838.961002
-5496.870578 -1450.400885
7669.587930 3870.293963
-7135.286704 -334.397596
2072.754811 -50.916028
-2151.863778 6330.770077
2685.486319 -491.202111
-6181.775681 892.092665
-7475.794744 -5485.640580
-8987.054826 -1682.788708
5316.018725 -4765.918684
-2605.094455 -2079.976677
-1716.283403 -3284.049456
2723.219533 -1715.564554
957.050539 6133.126730
1711.650021 -1769.519636
6290.627009 -6372.924044
-7748.425747 -4154.111267
-329.413585 -2817.864757
404.019499 -2512.350481
-8137.034296 -5321.639783
7464.425981 -663.405317
-7365.692213 4601.029373
-7086.183594 23.360343
2138.031123 -5758.897722
1852.592727 1843.507465
1414.332362 -301.064899
-9179.128769 849.237732
-9029.603217 -5810.433861
-7488.126442 900.121575
1021.044755 1785.379582
-6892.576262 441.379172
-8420.860044 1852.719459
-5329.218670 3454.694406
4682.061165 -1522.093593
-4619.265755 6176.439449
-7080.063183 706.063582
9420.155203 880.576711
-8475.386315 1157.071496
-2197.482436 2484.907363
-9038.188004 -3253.704408
4623.515707 -1519.682495
7877.534224 -828.003568
8442.584153 1972.282903
-393.114982 -1269.387628
-8237.512632 2015.111569
-3943.958785 3621.260845
9343.173575 3611.136168
-4429.541324 4265.626271
1583.482950 -3668.133616
-518.734104 -3397.493956
9431.773219 6190.905470
-8275.569129 5128.659336
5038.546676 4451.797012
-4887.062988 -2251.321155
-7609.366979 -1434.592886
8159.227422 2310.489278
-3341.947433 2247.860438
-4117.020295 5661.758327
6239.405609 306.749083
-8065.796169 6387.954281
1163.419141 6385.753497
-1270.524741 -5693.474102
4516.512169 4177.990966
3760.311181 -5590.156929
-8292.066546 -4345.011355
-7954.886744 -5215.132875
7126.787398 -1059.457913
-801.888944 2567.590248
6958.697949 388.083098
-93.934385 1321.928000
-2692.973940 -4319.579460
-5649.905009 1248.878235
8347.806631 -2105.702502
567.745117 -5976.038761
-1078.204533 -5196.518170
4607.445067 -4187.029161
4245.735114 -5761.310893
-2255.160825 126.772806
8980.215943 -1562.151811
-7639.651657 4808.781653
-5458.497712 -3462.920769
-3349.549022 -881.353592
-153.374705 -1622.857501
-266.428104 5199.364526
859.227811 -1971.008677
5049.226061 -5263.569996
-7842.205959 4067.169851
6017.984354 -3905.928714
-4662.223323 -4216.107348
-5338.423381 -2991.616983
5358.588012 -279.503334
287.229988 3870.987079
6481.977814 -2668.619840
154.343641 3584.666880
-5500.361348 -2264.309706
-9339.203692 -5255.560936
8987.929865 -4169.219684
9432.826695 6370.256131
628.597873 -3244.543248
-1031.058672 -450.534711
-5075.077314 -3230.790264
-4761.432003 3400.110634
3694.972261 1386.046217
336.942092 -4943.686027
-4832.777385 -2260.124842
-3457.390702 -2194.788409
-364.452802 -2499.705884
-743.228579 -2501.188160
2586.121151 4362.537575
9168.812314 -2775.680501
1930.193261 197.939264
3716.766288 3385.476101
1743.982375 -529.423587
5293.466808 6135.382704
4663.791483 -3595.740504
-8720.815797 481.198111
-1506.128955 -6202.371447
9030.646044 -274.279333
602.493544 -4945.454261
-3147.809778 -5127.003573
1876.312696 2624.455741
-7271.551021 -1275.579652
-1999.170942 6348.877325
-4129.569262 3524.206828
-4073.402338 270.075734
2103.968497 757.174340
-4371.660473 6164.941720
-5077.359367 5889.158174
-15.301507 -134.920162
2008.110971 4153.163471
9396.819412 -1002.125644
7640.746477 473.422228
1413.460179 5544.917722
3844.932761 -3706.592957
5837.106325 -49.795824
-6877.796524 -5049.815726
9417.833538 -1596.441066
7184.543675 1375.622259
-4885.894673 -5069.813910
4097.639652 2734.788008
-3871.041070 2708.747506
1443.256448 1485.003847
-4547.701524 -3985.966880
8205.067399 5071.411744
-2179.970002 2617.522417
-2734.022236 4361.624628
7257.094910 4349.916495
-2017.747547 2815.026569
6777.096466 5917.675512
5939.120474 2277.409069
1755.514691 6072.223671
5537.591821 621.575041
578.800833 3954.883547
-5685.029214 3116.026488
-7948.467582 -4805.789300
-849.916610 -235.488091
8279.592200 -1720.895543
5633.398365 3337.930063
-4430.857480 1525.146884
6376.523165 -859.165231
-7111.348747 -6096.842817
-7192.653804 4114.988489
4338.354472 -1925.249105
590.136241 632.362131
-5157.375736 1646.229233
2367.924885 -5368.443622
6853.241560 -6156.472159
8281.407819 4120.702567
4401.967347 -5336.297215
-235.974539 5447.714615
7900.221813 -5837.473964
-3365.484667 -4308.115430
-4284.837532 5085.794059
-8840.538305 -946.712390
607.480411 1970.776973
-6425.751385 -2849.215441
-4369.255929 -4610.065003
4599.061679 -5396.855218
9026.453902 4040.440476
6255.017189 -2555.502419
-7211.127995 -3602.274828
-1311.466942 537.346917
1186.592152 4049.937854
-8573.149898 4455.381521
-7970.722296 -1565.295591
4480.407384 487.117217
-374.677485 3942.131854
-4821.384695 643.852770
6208.684110 365.210037
-20.328549 -1803.649470
-7696.899508 -286.890974
4372.622494 5253.642701
690.583637 -372.059955
-4969.661609 215.751959
-2582.977003 1214.440574
-6741.738281 -2164.764889
-5643.020566 4014.691968
-1868.582307 -5708.661033
3427.984322 4960.878686
5213.646645 -1487.986096
-6182.569870 -302.540768
5444.556591 -3755.259289
8424.541343 3150.742905
7907.546865 6196.259874
4488.034850 -2000.420791
8208.485702 -163.522098
3208.148045 2422.740505
-5447.234069 -5286.697985
-3723.598941 3486.307221
7970.507321 607.196580
7585.101881 2825.467686
-2655.943249 103.845704
4240.904999 -585.322441
1157.238767 -1627.098910
7824.908166 -5001.102174
6838.190883 -5837.627824
-6757.505689 2785.441351
-5031.859026 5505.237193
-2241.253832 -3469.387522
-1612.005996 -4468.222757
6270.555924 -5729.917983
4274.532430 -1106.364173
6207.546015 -4648.918639
3325.180316 2575.358681
92.773715 1477.219730
3362.349227 -293.894921
-3042.831439 1532.249854
3539.211153 4535.346002
-7065.105314 -3428.267502
-3122.796509 1907.288027
-7725.215804 -250.973518
1250.066948 -3770.592895
942.608320 -5971.829403
9211.949647 2731.059875
5660.637793 -3640.665207
4211.707610 5087.574567
3638.644781 -3422.742906
-2285.402640 5426.122888
9297.331278 -5827.526052
6358.247586 -1522.382495
6302.853605 -356.249865
7281.251207 -5938.660490
-2797.502867 1139.231353
8612.496393 987.103211
-4506.512258 -1587.143833
-6024.620660 -5149.611940
1461.362076 3767.071073
1758.930253 -4226.653469
-728.775147 -4320.548358
1191.992036 -6419.001123
-3525.774187 4314.765486
823.482100 2845.833473
9079.293328 -5497.161334
-855.794508 -6058.137568
2648.398926 -2696.736549
-8620.352673 -370.738551
-2994.700060 -5809.038509
7047.525308 1825.613450
-3259.465433 -5106.436695
6194.222428 2141.543564
3980.792365 6171.842250
-8189.971433 298.485839
-763.001994 55.881441
-1100.691013 5907.199660
-9426.088864 1278.500352
8226.442276 1834.118329
8893.609989 6226.628145
5649.059047 4598.286895
5642.386828 -4059.782541
8735.924583 -6270.106195
-7017.080100 2879.933431
-7008.773625 3729.086460
6607.095223 -3226.307586
2728.023542 2457.982644
-598.492257 2464.060351
1556.035568 1639.781713
-6268.013661 1270.534784
5695.722158 -1311.609370
-7968.826749 -3898.304211
-815.435511 -4375.098096
42.887900 -2725.992154
515.369287 -1071.220907
-8009.509259 -2999.950880
-7017.454401 5295.656598
-6799.260656 -1547.536060
4728.470910 5948.734622
-9359.612401 -4761.269926
-4883.210614 5558.411800
-3099.798456 -6311.606762
2166.158656 -432.762301
7673.883143 6031.488747
7969.167361 -52.011380
4297.039885 920.223169
5329.498712 2569.073825
530.852839 4366.740251
8780.013402 1156.722790
-8871.577341 1208.139769
3644.690617 4312.619335
4802.876296 -4236.551632
-9189.633477 3675.844336
-1291.914108 2474.701043
-6826.045716 1474.951908
-4495.801907 -2029.316603
2870.912523 -4829.412076
8567.121118 1967.648128
2559.331610 1520.924353
-4161.420421 1905.198313
-8428.148638 -2043.995215
4889.869125 -5203.265601
-481.193906 -5035.917045
2948.226784 517.952348
5786.019086 2297.350427
-887.447731 5666.056281
3223.317092 1189.119029
1665.859146 597.195270
-2924.082209 -4092.251062
3616.963922 -495.485334
2494.385145 191.222511
-1740.029153 -2908.715723
-2751.077436 3198.093209
-7807.601041 -1226.113012
199.283176 -3714.845629
933.742569 2114.883979
8127.817011 -2121.701031
-1193.994793 5449.473177
1804.160006 -2979.853168
-2402.705209 5922.042734
5618.832231 1188.300647
1208.462925 -6433.460101
-1395.936832 -1874.791135
-1949.000498 -764.848119
7692.357809 5806.069978
-7602.907634 7.915062
-5155.598717 -883.629462
8470.197074 4737.024328
-5333.399169 -467.475452
3167.944182 4328.795559
1507.806706 1726.035659
-9306.960245 -3884.750364
3918.512464 1598.171898
-6471.969081 -6166.114616
-9225.178097 5515.342459
-7990.095506 -6105.106474
5780.830969 -3186.405123
7005.918403 -3844.434469
6786.025932 -1046.999244
-7237.928643 -5321.350516
-3143.981402 2142.026395
-6742.747207 2229.353986
8530.744797 -1533.083458
-7249.582853 487.807264
4153.668847 630.913141
-4235.216962 1616.388543
-3177.497703 -875.882544
6019.643635 -2532.601159
-6142.787759 -4339.294130
9314.368132 -2840.814620
2813.406070 1449.880100
8278.158306 3286.090669
-1387.912254 2669.356987
724.257560 4159.887925
3230.667257 557.835352
4388.674621 4104.269252
6030.372034 -4497.895324
-6434.839246 6042.712185
3768.237881 -4581.883923
3001.204209 -4664.159083
3867.003940 3689.682259
-1561.556230 2900.675762
5713.563454 -4480.928945
1305.875448 2448.040043
7048.410680 -1783.531898
4280.991045 -5225.302308
-5551.478964 5322.622339
-7233.168358 -5501.163099
-3193.158762 3503.906934
3919.575765 -884.166824
-2567.893427 -4681.734890
2505.452258 688.229144
2961.865605 -1849.920748
-2102.908588 5475.731983
8366.546832 3847.994587
-8651.099311 332.780206
8653.936045 2981.477390
-8940.844827 4483.203581
-8240.798286 -4129.642385
-4823.712080 4978.645384
1189.781896 -3207.747754
3178.089720 4936.058317
-15.630309 521.154248
-344.290446 5521.897045
-6518.633132 4793.174608
-5872.991117 5327.822302
-3453.689781 4795.109360
-2665.357100 5132.140472
-507.832319 5946.627815
-2647.877556 -3778.312544
3350.711396 3468.160323
-6950.061530 -799.271331
-6806.752564 5625.068252
59.201739 -1044.749875
5518.676828 944.314333
7185.083375 3373.728977
-95.587594 -5416.808257
6430.184977 -799.675023
-8775.767290 5288.965573
-1731.603139 -2951.979533
3177.253195 5768.322834
-6052.091741 -5406.862221
1390.814337 -3614.305544
162.837007 2861.072118
-2403.932308 190.002731
-7377.946788 -1344.519107
4894.694285 5025.286811
-4107.073080 2975.897862
3850.906306 3425.517628
-7777.165841 -4190.496278
3359.998398 4411.501529
-8722.819091 -6151.236723
6327.471432 1232.347300
1320.239639 -5091.592172
4216.195084 -296.158086
-938.295356 1106.824158
8288.777193 -1989.823148
138.722950 1644.009362
251.184806 -2164.537854
-1316.669548 -1033.836973
2222.282330 -5177.200546
4783.751838 -4691.468256
8852.677436 6059.088577
-1812.693450 524.538182
1151.840948 -3034.869310
-5040.042571 2760.180438
-3768.260630 1978.416393
-4563.400825 -4361.969709
8439.721823 2244.347114
-1839.660005 -5088.667570
-8828.149430 2862.006706
86.506745 -310.307229
9417.216768 -707.471592
-7750.205032 4491.208081
-4077.921630 -1158.196112
8595.134648 1839.318574
-5413.982995 5704.233025
5964.419744 -3843.165948
-8551.730242 -4521.980482
2063.473371 658.307050
1727.864733 1072.200364
3236.442241 -5303.799016
7301.386814 -5315.927808
-8054.830142 -4166.838707
5663.031046 -513.123888
5496.165428 -1085.941440
-58.722354 1656.532797
6722.144912 -710.524331
-2327.509861 -108.103462
1348.498160 -5135.742457
6998.499418 2477.721731
7409.776243 -1749.911468
-2068.919545 -3205.110292
-3149.910511 -2263.786170
-7080.890095 -4836.400932
-3275.017367 5347.176125
-6207.334889 -1127.874581
8658.896709 -2978.136642
8455.276594 1869.420232
-7813.473421 -3645.856864
5187.986676 -5307.635480
-8543.492569 6181.091083
-1746.404397 -1664.984415
6691.467945 2621.666445
-415.080567 4227.251738
1161.028428 -4441.424654
-8290.070424 -2240.044157
-5877.360124 -2769.373752
4928.579079 -3437.579388
6141.016917 -2331.641546
9258.426780 -5228.253183
6573.673391 -4620.213934
-8111.801008 623.677185
808.390396 -1247.507640
-3025.582546 4904.392895
-4515.688789 -738.745109
-7600.762914 42.136908
-2904.527275 2468.571736
6860.163041 -604.964956
-8939.201846 -2851.576629
-1779.123750 -2972.005747
7033.896724 -4923.530572
-3395.364184 -4021.062580
-6830.826026 2965.287945
3012.600704 -5533.265180
-9250.974106 -2178.122876
278.432186 -927.109028
-2911.515308 3526.901781
-726.919898 1770.772917
5852.495021 2108.924599
-421.743999 -5539.500031
-4926.650265 5692.863559
-6770.716363 -3057.893577
1734.653328 -1281.755843
-1024.073274 -5662.056793
-6026.976735 -5536.544697
-2678.028610 1088.355792
-8702.299349 5537.600519
-1672.149050 -1393.184276
-4963.998651 -3836.577980
-3001.831243 2310.777862
4037.779962 5385.630066
-5576.491662 -5667.235307
7218.552894 1950.858934
-3943.696000 -5182.594864
5086.179127 -2858.203797
1487.489470 1750.287023
5964.472124 2250.014500
6177.599813 -5325.449643
-447.964439 -2276.070345
5453.577548 2111.575761
-6201.897994 -1569.517085
-75.494340 1062.120564
-7867.575674 -449.573892
-8103.968023 3295.687507
-7207.070682 329.639561
-4992.857757 -5090.840594
8252.102939 5412.138009
1311.296087 3190.477144
1762.801800 -3550.050272
6024.115090 -6265.519645
4238.491958 -4060.430996
914.282130 2323.079230
-1284.230748 3392.117443
8812.606652 4299.927806
1875.721039 5819.453525
183.135685 -4020.850102
-8378.178020 -4827.627277
-4205.519415 2501.722525
1593.962448 -2730.984997
-5378.731097 -5057.327805
179.568722 4268.471956
-5998.358148 -1542.955660
-1184.003344 4016.154053
-6463.813998 3591.660015
2523.513907 -1564.032637
2559.159481 4995.872305
4565.612212 5716.661865
5072.344206 -3586.649475
821.955266 3935.488666
801.480971 -6167.994076
1029.498851 389.478073
4739.110912 2733.388023
2419.822824 -4509.143675
-4360.941107 -2482.690901
4597.851126 5673.433846
-6215.871197 983.870116
5380.034205 -2337.222674
462.670235 -5312.706520
8648.332997 1682.895726
3394.824274 -4205.466225
161.259174 2931.688000
-6248.870373 -271.072608
-5486.282217 -5055.668812
-8270.207135 -1594.983170
3646.961545 -4894.087893
3835.944826 -2698.529457
1914.878410 -5464.157962
-1059.415722 1286.399320
142.543022 749.864903
-2320.282925 -3369.746204
-4391.624663 3175.238192
3543.086540 5348.290037
6050.492528 -4828.546330
-7488.410052 -4034.116850
3637.564820 4888.238480
-5223.068976 1069.487012
-3206.151939 -4059.498937
4818.928123 1652.942486
-4380.484600 -4684.838193
-1677.434817 167.647698
4294.558419 3607.406081
5129.993967 -411.084981
-3867.017279 -2719.437454
8028.347514 -1391.795025
8150.147240 -5345.848590
-8338.767002 -2473.164314
-479.266374 1775.127925
8803.683311 -1373.194554
-8332.247739 2074.161742
3936.273492 -5504.907479
1829.071267 3859.131570
-5057.595258 922.966877
5332.403572 4720.525839
-792.214479 3761.139644
-3396.656545 2884.825117
-8268.961073 3632.494364
-2138.183244 -3129.382066
7475.555350 -3559.962135
-8792.161030 -2807.846523
-3623.789334 6311.829674
-7644.612506 1124.320246
3058.744791 4109.863391
3724.369098 1311.749128
-9032.247067 -5663.568861
4475.486271 -1545.207420
710.133896 -749.928088
2753.626861 4226.756154
-2035.186784 2890.346362
597.621075 3328.785024
-3163.434161 -5577.766048
-5560.787309 -4356.659156
7135.120050 4164.511775
-7120.718136 269.661764
-5020.319127 544.353351
-6840.335436 -2838.208484
5004.380196 4081.127678
-6129.939260 -475.802498
6452.439848 4571.128932
4380.200806 -1456.272598
7626.095882 2821.154660
-8178.601449 5463.503220
5970.180107 3894.904653
-2160.154735 5473.325829
1067.797616 -4385.707414
5426.822663 -2616.055424
-1914.736139 -5637.893102
-920.839854 -3383.726079
-3164.671735 -5417.936427
8264.323569 4004.513725
-3731.014991 2770.777842
4400.523287 3627.685598
-3290.674138 1264.557245
4559.137552 6226.256162
3369.327436 519.531477
-6457.351543 -2214.185663
7859.586886 2914.897319
-144.723401 -4148.147675
588.344469 128.435514
-1411.396290 -670.006763
3888.675397 3220.310522
3890.125354 -213.378689
2467.166270 3977.266454
-2680.081796 651.757725
-9237.336989 -3485.243123
6080.081572 -1454.382728
8126.838452 -2528.869580
-7527.686180 3807.423999
161.568451 -2226.304495
9342.042157 3246.073869
-3911.064254 -536.713505
-3666.654910 -4318.511958
-7538.331252 3799.181736
-120.913172 -4463.727794
6990.444595 -4328.914707
5428.539648 6252.913584
-8814.805360 5360.701648
-9349.326551 -6208.443617
-6530.863788 336.751718
5910.911187 273.351212
7935.321924 4040.868597
5246.353450 -4894.918298
-7190.470974 -3601.323874
-4360.825461 2751.209120
8859.427534 1083.936827
7534.615437 -1648.609270
-5357.613302 -1225.614833
6347.328210 -1167.182539
-4670.283445 813.539934
9352.896220 -1590.011902
-169.529103 -2612.844809
-1043.884017 -5469.648265
1184.956824 -3938.800958
-450.840302 -478.036447
803.642791 -870.597000
5146.069132 -2166.725746
9221.520276 614.194593
-7148.165342 -1491.705569
-4315.673868 1757.997779
8445.563123 1702.000124
-6697.412221 -4848.624660
-6480.664135 874.409930
-4005.847549 -4752.408071
2623.706304 1375.103074
3852.084242 -4511.784440
-2765.269146 5433.014698
-2364.814215 5287.414054
5673.643685 -6022.884725
2565.777985 -2531.325249
-8784.275085 -3206.155812
5839.395653 -1339.025190
7197.112114 675.935201
-8899.772262 4378.807063
-2466.728439 -266.733470
-6169.581878 -4074.477292
-1713.905044 474.512438
8999.917489 5296.626431
-7690.727596 2731.249861
1736.487936 -1953.799812
4306.280614 -1509.982660
-63.453334 -3962.310591
-2107.243010 -5488.628402
6566.027560 -5123.584365
-1163.684808 -370.979436
2557.779593 1856.149941
9099.063544 -5747.793251
-4698.763830 -6044.534741
-1309.182245 -4854.879953
2684.642940 2764.465555
-6467.962134 -733.500449
7983.565654 5658.222158
-7833.185933 -2213.991285
5646.118995 -4170.730840
-2759.367137 1470.595420
-2120.937998 -3219.909443
1978.490636 -3449.029855
-2661.350382 -218.751132
-8970.275266 5323.340787
-1839.640322 719.361171
-7008.667583 2742.984771
-4956.632124 1753.055775
720.861707 2845.548994
7785.926008 261.399622
-2096.211476 4814.414723
-3087.279181 -3067.139180
8078.141022 4717.260634
1381.144071 -3532.873417
-4743.352525 -3215.914888
-8551.076373 1964.386069
1129.460465 3619.229647
299.538602 -6196.366832
-1669.295304 730.286065
2550.715736 -394.440076
-8779.400727 4610.870380
-8518.329490 -3929.762008
-3543.290979 -4855.187295
5809.778350 2521.801268
5407.114658 5721.668942
3374.535710 6324.535772
-7038.315562 659.867314
-3994.401285 -5570.836889
-7815.155821 -274.354672
1971.234905 -4969.677332
2705.889870 -4522.535691
1064.441946 -3897.334342
4360.953127 121.017280
5138.914040 -2351.510688
-8698.025699 -5098.669377
1054.858664 3637.882012
4252.926796 5272.504625
3322.511106 -3886.816760
2741.979488 -2782.026374
-6202.806362 4997.424784
-6290.920443 407.936311
-9053.574222 -5301.077058
-8143.046900 4108.245504
-4916.197444 1178.164619
-7426.881802 1680.806869
7886.547510 -4034.742628
4168.014111 5300.902198
-8018.021535 1131.970975
-67.020815 -3432.903110
-1953.279052 -1228.433999
-1691.080501 915.938227
1375.174103 1176.083948
8162.155286 2057.241156
5691.572044 5139.222549
9208.202744 -6361.170609
-4185.837983 5452.730633
-2811.014408 1860.462038
-3140.642103 2826.890912
265.877667 -3653.819628
9028.389070 1448.975741
-3186.872997 -6139.400314
-5369.018654 1233.516528
-5888.605956 365.391908
9050.318224 -2187.756895
-2588.332108 -2342.440562
-2327.582618 1237.671529
1452.425352 5755.461384
3569.618586 -2821.566377
-2088.491808 3794.771491
-3344.926350 3517.448609
3032.508614 -5091.110246
1317.892624 -2317.968755
-8107.348542 100.796028
-5081.261757 -161.570404
-3955.044491 4508.096568
-2720.578530 -3514.396187
-2926.316381 3911.208703
9030.756076 -89.186570
-3172.382712 4921.388970
7572.246476 -3794.967800
-7863.635447 4708.309140
-3996.108964 -827.842001
-7754.999973 77.662735
-1543.153205 3047.064494
-7973.996615 -6085.414188
-8404.327461 -1505.943901
2415.016266 2933.205976
-6631.979859 2657.497475
8489.042095 -5941.178493
868.959753 5658.358452
7841.162209 -6139.915969
-2086.223568 -2430.402051
-5977.216206 -1284.583273
-285.421661 4097.932274
-4265.521727 5094.387683
7799.151505 5797.342403
5276.015391 1009.467959
-947.504698 2921.225740
2133.209821 2276.049357
2994.667135 -3566.289705
7726.940900 -4653.342831
-8942.460296 358.779734
1479.356188 2717.109222
2580.041811 -3912.558334
-1286.665203 -386.793344
-4640.809326 -1502.499239
-767.969090 -4339.072207
-2029.460893 1449.696448
-8829.528668 -3530.379842
3964.444899 4947.087886
-3250.293762 3782.131832
8837.619940 4118.061137
7927.077011 -1307.966201
-4301.922520 -5983.287452
-1087.531832 -425.838123
161.252443 2843.967605
475.102843 -4114.814181
-7165.964365 936.022508
-1088.929031 1348.975133
-1109.749078 -2382.134791
3075.535256 1836.051187
-8996.913846 1428.617086
7761.680074 400.160860
199.100784 3901.099236
-3665.073351 -3275.635517
1338.635933 3269.344289
-5295.619876 -2841.618955
-8856.825370 -1294.057289
-857.485256 4398.255031
-7469.389720 -2793.632661
2607.128380 5738.989954
8794.009935 6037.780034
-7286.205360 4896.517312
3020.838693 -1402.688989
-4879.816106 2532.602795
-3969.834958 -2989.400684
-8325.027191 -166.198659
-9278.361894 228.136661
575.700040 6078.301725
2972.629935 -5451.083321
-7558.127311 2762.069427
-5961.865452 2324.891777
7164.035445 3790.444879
-7428.347637 -584.237476
-6865.937190 2522.557263
-1671.265066 6249.990972
-1118.078829 -5862.968756
4703.724380 -5756.136089
-806.819820 1071.511474
-9303.640453 -3336.050945
6408.513414 -2055.958120
2230.177018 312.841119
-2530.563477 -1236.036137
9322.971995 132.570960
-9185.115802 1884.761652
4325.099810 -5690.099583
4017.254738 -17.668445
-5969.270896 -3244.563906
-6186.302442 2640.156757
-6926.325165 2729.748563
-6223.728795 665.578850
7963.615057 -4248.362420
-2745.283700 460.704779
1538.369599 384.297755
-4469.586370 554.727519
2656.032297 -2930.403141
-9359.609378 6244.505098
-1666.538567 -4261.746441
7021.882826 -2046.021073
7846.354833 -335.017092
-5655.492610 1855.182187
6133.213193 851.646187
8945.606791 5414.266684
510.723620 28.488557
1705.216062 3415.074324
-3771.853093 -1208.418752
-8156.748909 -1156.999711
-3132.550198 4141.362703
6569.467392 2495.532382
-8162.515958 1412.020814
9412.859307 3989.777046
-340.893416 1737.842954
-6888.597100 1404.059668
-3325.815222 -4682.608966
-8634.575805 2915.408030
-3694.994641 -6092.127710
6383.028070 -5220.315751
-2688.252951 -921.824551
-8573.108581 -2876.218021
-8022.841272 -2008.339398
1471.223828 -2023.440125
4250.357900 4179.058641
-1156.823993 5915.794488
-8060.605557 -2787.527824
-5487.617187 -2241.610521
-7342.445259 1673.273897
-1534.057461 -408.277705
-6857.063188 4193.239757
3326.999011 4781.079851
7735.011944 5744.221501
4778.330452 312.647603
-1763.538092 -3223.459654
3677.619523 2422.545922
1742.410068 3359.931003
2376.557174 6052.184146
-2149.723117 -5390.620332
-6173.283897 -1.901176
-8415.874056 1756.341896
-2575.043810 -2409.528419
8483.674240 -3568.979738
7162.764129 6125.008758
-6559.914855 -1512.785902
-4720.256102 -5439.520765
-3641.856721 2183.863850
2784.468074 -2630.241040
-3510.857539 2338.572605
2082.171825 4563.177069
-2358.415782 5258.256609
8784.126707 -2933.013335
-1368.309316 -3581.850783
6336.434904 -5131.595127
5064.583177 -3170.686493
8501.493403 44.933749
6055.341588 3996.060093
-899.477823 -539.835296
-8415.582028 3500.637066
4469.583734 -1514.248922
7916.961981 3312.229026
4504.489528 2868.310669
6994.165383 -4499.924149
-5183.998525 6256.746080
1053.328271 3275.968941
-4362.392337 2639.284791
-8318.540818 334.239541
362.292889 6155.764205
-4248.334045 -6018.957089
4004.855256 3464.455346
-9356.423105 2429.100317
-5573.043166 -933.680282
3344.951244 -2598.414867
-2423.765634 300.916828
-6281.429670 -5415.676456
-5352.955729 -1955.980603
5076.400105 -1194.516391
-6940.218907 5487.580030
8556.655327 -3844.932385
881.165252 5321.518980
420.482691 5375.111171
-4618.808127 -4860.899198
3982.419503 3855.474550
-3449.143759 -4232.618392
7727.936997 -2081.773127
-4596.755067 702.323846
-3616.726540 -2270.393735
7288.364166 -568.865766
-1085.960799 -1167.927560
-8850.283454 5868.057961
-2100.020055 -280.158136
-1223.208640 3004.653173
7719.640311 -714.197442
3417.692164 3368.365876
8991.948419 2204.089202
-2809.262679 5503.941470
-8043.333449 -3397.792530
-5593.804709 -4861.873256
-4533.383580 832.463496
324.595904 1231.260632
3549.988988 6233.973510
5221.372578 -1035.297571
9200.703498 -2205.232882
9397.932992 -6309.247294
-6045.704582 6258.576031
3763.361132 -2092.439379
5167.174389 -1143.274116
-6192.864709 1476.555423
-8951.975067 4819.629267
-3988.501349 -1393.984979
143.721688 -5407.768324
-5569.823283 4588.390398
2557.055638 4428.591982
201.777937 4403.310981
-6649.800155 -6155.071005
-834.741632 2846.672921
3615.198432 -64.133424
-6351.706496 2147.116242
4857.907742 2476.556147
7853.080346 6191.258725
3218.527854 -145.718063
-1710.769780 2490.467653
1276.978804 -2200.530972
-8403.586099 4372.088638
970.227682 6271.692348
-8784.631451 -732.630647
6697.573841 -4701.938870
-7801.489926 -2599.024859
8169.372565 -5720.761874
2901.777725 6070.313592
5025.321460 1830.462154
8654.992756 -5771.342678
-9292.835826 1534.601531
7557.539231 2238.061886
2559.050882 -3535.208901
-2029.005444 -3091.634803
