-3.06673 120.337 164.438 176.479 185.456 191.512 197.497 204.551 220.581 
-2.9997 120.208 164.615 176.777 185.828 191.909 197.99 205.061 
-2.92472 120.83 164.76 176.912 186.132 192.419 197.517 205.548 
-2.86443 120.603 164.56 176.921 186.4 192.442 196.84 205.08 
-2.7886 121.491 165.148 176.853 186.336 192.658 198.04 205.645 220.511 
-2.71836 121.742 165.197 177.279 186.215 192.917 198.298 205.913 
-2.65212 121.235 165.529 177.589 187 192.354 198.177 206.235 241.118 
-2.57864 121.795 166.739 178.398 186.454 193.662 198.114 205.322 240.832 
-2.51943 121.828 166.235 179.025 187.627 193.437 198.436 206.228 238.43 
-2.44268 122.788 166.832 178.869 186.679 193.08 199.482 205.883 239.942 
-2.36769 123.045 166.901 179.627 188.112 193.768 199.424 207.212 244.696 
-2.30422 122.495 167.093 179.134 186.938 194 198.98 206.041 235.773 
-2.2354 123.227 167.431 178.832 188.043 194.445 199.444 206.635 238.648 
-1.95878 124.234 167.314 180.314 187.928 194.24 199.625 205.937 235.091 
-1.89 124.278 167.601 180.25 187.523 194.797 200.172 206.497 231.795 
-1.8216 124.908 168.077 179.477 187.723 195 200.092 207.369 
-1.74779 124.952 167.529 179.869 187.92 194.003 200.085 207.152 
-1.68322 124.788 167.967 180.114 188.175 194.139 200.212 207.28 
-1.61078 125.1 168.107 180.136 188.13 194.126 200.16 207.155 
-1.53906 126.063 168.074 180.1 188.096 194.093 200.122 207.118 
-1.46717 125.674 167.863 180.006 188.066 194.034 200.105 207.171 
-1.40303 125.766 168.514 180.679 188.733 194.815 199.912 206.981 223.258 
-1.32968 125.634 167.836 180.205 188.452 194.756 199.85 207.126 
-1.25656 126.178 168.238 179.936 188.162 194.487 199.86 207.135 
-1.1962 125.718 169.169 180.867 188.481 194.795 200.18 206.865 
-1.12128 126.574 168.621 179.8 188.743 194.551 199.922 206.63 245.54 
-1.04672 125.897 168.44 180.1 188.162 193.992 199.822 206.519 220.411 
-0.982794 126.194 168.63 180.834 188.045 193.869 199.692 206.073 244.346 
-0.914618 126.21 169.623 181.025 188.831 193.83 200.232 206.635 238.034 
-0.841519 126.063 169.248 179.878 198.98 206.785 225.887 244.99 
-0.774288 127.287 169.012 180.325 187.395 193.768 199.424 206.495 
-0.701795 127.016 168.885 180.278 188.088 193.724 198.716 206.526 220.737 
-0.627629 126.016 168.217 179.025 187.627 199.023 206.228 233.431 244.826 
-0.566124 126.779 168.119 179.778 187.832 193.662 198.645 205.854 218.36 
-0.488553 125.706 167.765 178.941 187 192.824 198.177 205.353 234.883 
-0.42466 126.21 167.839 178.6 192.917 198.298 205 221.551 243.483 
-0.356912 125.936 167.371 179.075 186.682 193.003 198.386 204.707 
-0.281571 125.96 167.72 179.12 186.4 192.72 197.8 205.08 
-0.216085 125.929 167.905 178.101 186.344 192.419 197.517 204.57 
-0.143017 126.289 167.726 178.757 186.96 192.899 197.99 205.061 220.193 
0.136247 125.16 166.595 177.629 185.691 191.771 196.86 203.931 
0.208316 125.718 166.508 177.89 186.132 191.23 196.329 203.384 
0.276097 124.724 166.208 177.882 186.124 191.207 196.563 203.843 227.607 
0.352198 124.652 166.087 177.792 185.054 191.377 196.759 203.081 
0.41333 124.483 166.111 177.279 184.895 191.596 196.977 203.273 
0.485227 124.354 165.946 176.238 185.648 191.003 195.474 202.647 
0.561163 124.02 165.36 177.02 185.076 190.906 195.888 203.096 
0.624023 123.223 165.424 176.233 184.835 196.229 203.435 
0.692642 122.147 165.424 176.051 190.263 195.898 202.299 
0.773904 123.045 165.487 176.799 190.94 202.97 
0.837374 122.495 164.268 176.309 184.114 189.763 195.412 203.217 
0.907593 121.824 164.624 176.026 183.831 190.234 195.233 204.443 
0.978238 121.758 164.195 175.841 183.611 189.433 195.256 202.467 224.1 
1.0445 121.433 163.976 175.636 183.698 189.528 195.359 202.556 226.742 
1.11822 121.202 163.248 175.764 183.371 190.079 195.451 202.158 
1.18875 120.702 163.783 175.482 189.781 195.167 201.48 
1.25166 121.116 163.175 175.514 183.098 189.423 195.747 202.072 
1.32783 120.54 162.742 175.111 183.358 189.663 194.756 201.792 
1.40429 120.669 163.417 174.597 183.636 189.889 194.815 202.054 
1.46288 120.702 162.89 174.929 182.989 189.061 195.028 202.094 
1.53748 120.067 163.077 175.103 183.098 189.095 195.092 202.121 
1.61244 120.104 163.11 175.14 183.134 189.13 195.126 202.158 
1.67961 119.708 162.997 175.034 183.096 189.169 195.133 202.2 
1.74692 119.854 162.607 174.771 183.807 188.905 194.987 202.23 
1.81782 118.6 162.015 174.385 183.6 188.693 195 202.032 
1.8952 119.218 162.225 173.925 183.412 189.737 194.797 202.386 
1.95912 118.849 161.929 174.929 183.469 188.854 194.24 201.854 
2.17048 118.714 161.978 174.184 182.784 189.995 194.427 201.638 226.049 
2.23629 118.229 163.049 174.451 183.044 189.447 195.849 202.252 
2.30861 118.929 162.114 175.568 183.371 190.434 195.412 202.475 232.207 
2.37416 118.106 162.659 174.691 183.175 190.245 195.9 202.97 227.728 
2.45228 117.924 162.607 174.003 183.221 190.263 195.256 203.066 229.314 
2.5233 119.038 162.631 174.837 183.439 189.834 195.645 203.435 230.638 
2.58388 119.038 162.604 174.264 183.698 189.528 195.888 202.566 230.868 
2.65908 118.533 162.361 174.889 184.296 189.652 196.825 203.531 
2.72678 119.101 162.963 174.642 183.576 190.276 196.573 203.273 238.202 
2.79857 118.929 162.585 175.57 184.114 191.377 196.759 204.022 
2.8702 119.369 163.049 175.684 184.889 191.207 196.563 203.843 230.766 
2.93108 119.641 163.573 175.727 184.946 191.024 197.307 204.362 
3.00682 119.08 163.487 176.638 184.7 191.771 196.86 204.922 
3.07447 119.269 163.371 176.409 185.389 191.442 197.428 204.48 228.493 
3.14159 120 164 177 185 192 198 205 
