3297.134226 -809.476067 -1.909840
3555.505892 -878.419103 -1.909840
3949.015012 -975.906009 -1.909840
4420.804163 -1092.783051 -1.909840
3010.203465 -854.749132 -1.909840
-552.534513 -387.598838 -1.909840
-670.246786 -417.816179 -1.909840
-740.665313 -460.657695 -1.909840
-1151.485435 -602.646583 -1.909840
-2127.733885 -935.599297 -1.909840
-3542.243766 -1425.537125 -1.909840
-1733.153440 -625.498986 -1.909840
-1907.894233 -691.266027 -1.909840
-2022.804571 -731.652717 -1.909840
-2147.593691 -775.519944 -1.909840
-2385.115239 -864.404181 -1.909840
-2544.241282 -920.613622 -1.909840
-2719.913446 -982.678406 -1.909840
-2914.920785 -1051.585347 -1.909840
-3299.439175 -1194.275529 -1.909840
-3566.426205 -1289.069713 -1.909840
-3870.740232 -1397.131090 -1.909840
-4220.899380 -1521.486986 -1.909840
-4953.582687 -1791.125943 -1.909840
-6153.548891 -2219.312715 -1.909840
-2037.233600 2255.508629 -1.909840
-2001.420722 2390.585863 -1.909840
-1039.353630 2572.826198 -1.909840
-860.921798 2599.646214 -1.909840
-682.849372 2697.255018 -1.909840
-1811.258555 7245.034221 -1.909840
-915.454713 4288.182604 -1.909840
-499.573908 2773.496526 -1.909840
-767.953435 4295.739524 -1.909840
-1123.951678 6313.963839 -1.909840
-624.380239 4322.632427 -1.909840
-770.306733 5335.087376 -1.909840
-311.957026 2824.944183 -1.909840
-505.240124 4622.947134 -1.909840
-602.854263 5396.981025 -1.909840
-296.501652 4082.599669 -1.909840
-105.780103 2908.952824 -1.909840
-146.482285 3662.057135 -1.909840
-17.601172 2904.193382 -1.909840
-19.415434 3320.039278 -1.909840
90.921728 3036.785727 -1.909840
257.268176 2540.523233 -1.909840
383.592618 2213.034332 -1.909840
486.344723 1987.065584 -1.909840
576.995443 1770.326929 -1.909840
614.012504 1547.311509 -1.909840
676.246223 1411.812291 -1.909840
733.330284 1271.869712 -1.909840
782.897106 1163.161414 -1.909840
819.497031 1059.882827 -1.909840
503.808676 503.808676 -1.909840
825.503045 815.311650 -1.909840
428.907087 366.520601 -1.909840
904.613823 760.697988 -1.909840
937.358811 682.641743 -1.909840
961.284756 617.246001 -1.909840
977.328410 518.582421 -1.909840
1004.512214 447.554947 -1.909840
1038.162683 389.311006 -1.909840
616.729918 178.527081 -1.909840
756.279528 217.321703 -1.909840
1017.024972 293.372588 -1.909840
1004.614830 222.174433 -1.909840
1074.630448 238.806766 -1.909840
644.059103 97.831762 -1.909840
731.474680 110.571754 -1.909840
-369.814445 -232.040436 -1.909840
479.967664 112.492421 -1.909840
427.801427 247.674510 -1.909840
-429.097066 -255.952636 -1.909840
544.151081 124.377390 -1.909840
443.619208 342.442897 -1.909840
-481.647018 -279.666010 -1.909840
622.370272 121.240962 -1.909840
459.051698 426.837544 -1.909840
-557.205419 -298.791312 -1.909840
685.726178 158.887773 -1.909840
485.025833 510.113376 -1.909840
-616.882202 -325.113593 -1.909840
764.736148 182.493853 -1.909840
528.136843 571.426748 -1.909840
-692.733865 -355.026106 -1.909840
834.622865 197.437667 -1.909840
577.208095 649.359106 -1.909840
-772.502956 -377.268886 -1.909840
937.482378 196.871299 -1.909840
636.621361 711.517992 -1.909840
-861.311254 -411.931469 -1.909840
1028.096382 264.367641 -1.909840
876.194226 574.393992 -1.909840
714.180536 782.663601 -1.909840
-958.477344 -449.897529 -1.909840
1103.311913 377.986489 -1.909840
937.358811 682.641743 -1.909840
795.246395 846.223728 -1.909840
-1062.165548 -480.017123 -1.909840
813.469484 995.429764 -1.909840
-1180.414729 -525.821106 -1.909840
740.421185 1200.379799 -1.909840
-1308.129235 -563.848808 -1.909840
667.352497 1430.041065 -1.909840
-1432.246644 -615.510955 -1.909840
592.752984 1639.529530 -1.909840
-1597.945879 -679.441555 -1.909840
509.833528 1864.917377 -1.909840
-1780.953328 -736.484459 -1.909840
2092.130187 577.139362 -1.909840
415.506601 2106.188633 -1.909840
-1992.122623 -802.581776 -1.909840
