1875.263271 -250.035103 0.375680
354.383163 -159.472423 0.375680
762.808263 -479.831004 0.375680
227.812881 -166.791574 0.375680
2131.644365 -1556.818919 0.375680
2781.706902 -2327.550673 0.375680
1223.661039 -1028.987692 0.375680
443.297321 -427.651533 0.375680
678.327678 -763.118638 0.375680
300.932264 -333.175007 0.375680
635.878996 -821.008324 0.375680
467.480693 -716.803730 0.375680
1973.484018 -2960.226027 0.375680
1255.756149 -2185.945889 0.375680
304.108971 -631.256501 0.375680
100.479886 -224.883554 0.375680
194.906388 -484.017531 0.375680
718.358109 -1975.484798 0.375680
201.313117 -616.521421 0.375680
541.398997 -1894.896489 0.375680
59.545161 -240.950186 0.375680
113.674745 -541.450761 0.375680
1133.078939 -6444.386466 0.375680
191.046234 -1406.100284 0.375680
-144.705380 -673.194593 0.375680
-514.351821 -2045.717468 0.375680
-195.731918 -766.269638 0.375680
-124.273286 -486.948388 0.375680
-250.223444 -996.172577 0.375680
-140.466487 -479.238604 0.375680
-375.611200 -1297.565962 0.375680
-672.755892 -1980.892349 0.375680
-605.335159 -1837.245307 0.375680
-433.752020 -1175.530837 0.375680
-434.782262 -1172.767943 0.375680
-583.382038 -1437.318064 0.375680
-305.627106 -755.578122 0.375680
-327.600391 -808.080964 0.375680
-1228.817438 -1562.056065 0.375680
-1695.152840 -1993.499740 0.375680
-671.231006 -559.359172 0.375680
-3019.136571 -2005.720100 0.375680
-1495.418530 -917.190032 0.375680
-2400.655269 -1492.299221 0.375680
-5575.390261 -3227.857520 0.375680
-4427.901341 -2563.521829 0.375680
-1769.684675 -768.650919 0.375680
-1247.246785 -435.546496 0.375680
-5178.270785 -1869.079988 0.375680
-4690.201331 -1499.773681 0.375680
-3270.998641 -941.651124 0.375680
-5822.439052 -1673.114670 0.375680
-4461.157694 -902.256612 0.375680
-3099.118199 -413.215760 0.375680
-3956.308421 -551.288878 0.375680
-2447.837962 -166.898043 0.375680
-3172.098858 -224.289818 0.375680
-3416.854236 -222.234422 0.375680
-3136.099545 -0.000000 0.375680
-1339.360495 -0.000000 0.375680
-2130.485605 -0.000000 0.375680
-4112.798801 319.884351 0.375680
-1553.031167 120.623780 0.375680
-1909.267662 148.005245 0.375680
-4082.274742 316.047077 0.375680
-4898.896989 533.854159 0.375680
-5625.909056 607.342455 0.375680
-2499.264084 365.061046 0.375680
-2092.947835 303.557320 0.375680
-3271.396841 467.342406 0.375680
-5788.218211 831.640548 0.375680
-2258.747985 482.204626 0.375680
-3182.881230 688.832505 0.375680
-2700.178957 810.053687 0.375680
-1448.705038 425.307901 0.375680
-1614.566457 589.937744 0.375680
-1308.935976 592.725725 0.375680
-2262.817452 1208.300581 0.375680
-2197.336086 1166.727125 0.375680
-3483.556507 2185.760946 0.375680
-2462.100406 1794.088668 0.375680
-2827.233532 2057.796558 0.375680
-2306.894634 2736.993634 0.375680
-1219.246065 1666.675813 0.375680
-1001.534662 2219.617359 0.375680
-261.674336 647.299673 0.375680
69.627440 681.615989 0.375680
17.911173 168.023860 0.375680
24.154005 177.773475 0.375680
363.276623 2085.910932 0.375680
352.103663 1408.414652 0.375680
102.195755 361.091668 0.375680
56.591265 175.548414 0.375680
315.427904 868.914603 0.375680
1437.662333 3581.544758 0.375680
171.869588 301.582485 0.375680
473.856487 822.280375 0.375680
354.771438 541.832742 0.375680
2786.286001 4225.867101 0.375680
1047.438585 1342.491707 0.375680
2148.955782 1167.910751 0.375680
1294.898863 601.854401 0.375680
3083.422537 1173.041182 0.375680
2336.486468 323.131107 0.375680
3950.371483 567.232828 0.375680
992.316343 -1064.924856 0.375680
-1237.358816 -412.452939 0.375680
1282.534705 -1056.205051 0.375680
545.464419 -348.739547 0.375680
-1714.601789 -200.408001 0.375680
-852.913362 -671.144941 0.375680
386.704942 190.774438 0.375680
-1011.140113 -72.224294 0.375680
-862.086451 -210.264988 0.375680
837.403774 -396.664945 0.375680
-4744.472382 52.716360 0.375680
-958.583490 -585.109403 0.375680
611.312242 -250.417063 0.375680
141.723316 213.921986 0.375680
-3642.505538 1240.853535 0.375680
-1234.048843 -675.788652 0.375680
2471.655945 1182.096321 0.375680
714.709390 1065.794704 0.375680
157.596907 258.696810 0.375680
-163.775424 371.490596 0.375680
-1651.289612 -48.567342 0.375680
758.001123 1223.440408 0.375680
-2161.086886 -992.335815 0.375680
408.392325 742.531501 0.375680
-1705.016117 770.536130 0.375680
-1689.502901 476.132636 0.375680
-1459.063351 -591.884190 0.375680
1276.147242 -1044.120471 0.375680
-1850.905358 1050.032847 0.375680
-1450.220218 619.639548 0.375680
420.492718 -420.492718 0.375680
-1289.391494 715.026192 0.375680
366.617710 -439.036023 0.375680
953.052932 1646.182338 0.375680
-2114.682597 274.424459 0.375680
-1738.849439 -552.015695 0.375680
874.718902 -1188.720559 0.375680
3432.392469 1303.776984 0.375680
807.412911 1480.257003 0.375680
-4461.281759 -1318.105974 0.375680
2009.137772 -3040.142681 0.375680
1357.807024 3311.143445 0.375680
-4665.169272 -1190.422504 0.375680
627.865031 -1237.263443 0.375680
