4828.957699 -52.533814
4787.175393 -158.469339
4745.393088 -264.404865
4703.610783 -370.340391
4661.828477 -476.275916
4620.046172 -582.211442
4578.263866 -688.146967
4536.481561 -794.082493
4494.699255 -900.018019
4452.916950 -1005.953544
4411.134644 -1111.889070
4369.352339 -1217.824595
4327.570034 -1323.760121
4285.787728 -1429.695646
4244.005423 -1535.631172
4202.223117 -1641.566698
4160.440812 -1747.502223
4118.658506 -1853.437749
4076.876201 -1959.373274
4035.093895 -2065.308800
3993.311590 -2171.244325
3951.529285 -2277.179851
3909.746979 -2383.115377
3867.964674 -2489.050902
3826.182368 -2594.986428
3784.400063 -2700.921953
3742.617757 -2806.857479
3700.835452 -2912.793004
3659.053147 -3018.728530
3617.270841 -3124.664056
3575.488536 -3230.599581
3533.706230 -3336.535107
3491.923925 -3442.470632
3450.141619 -3548.406158
3408.359314 -3654.341683
3366.577008 -3760.277209
3324.794703 -3866.212735
3283.012398 -3972.148260
3241.230092 -4078.083786
3199.447787 -4184.019311
3157.665481 -4289.954837
3115.883176 -4395.890362
3074.100870 -4501.825888
3032.318565 -4607.761414
2990.536259 -4713.696939
2948.753954 -4819.632465
2906.971649 -4925.567990
2865.189343 -5031.503516
2823.407038 -5137.439041
2781.624732 -5243.374567
-3450.340276 3212.925577
-3492.122582 3106.990052
-3533.904887 3001.054526
-3575.687193 2895.119001
-3617.469498 2789.183475
-3659.251804 2683.247949
-3701.034109 2577.312424
-3742.816415 2471.376898
-3784.598720 2365.441373
-3826.381025 2259.505847
-3868.163331 2153.570321
-3909.945636 2047.634796
-3951.727942 1941.699270
-3993.510247 1835.763745
-4035.292553 1729.828219
-4077.074858 1623.892694
-4118.857164 1517.957168
-4160.639469 1412.021642
-4202.421774 1306.086117
-4244.204080 1200.150591
-4285.986385 1094.215066
-4327.768691 988.279540
-4369.550996 882.344015
-4411.333302 776.408489
-4453.115607 670.472963
-4494.897913 564.537438
-4536.680218 458.601912
-4578.462523 352.666387
-4620.244829 246.730861
-4662.027134 140.795336
-4703.809440 34.859810
-4745.591745 -71.075716
-4787.374051 -177.011241
-4829.156356 -282.946767
-4870.938661 -388.882292
-4912.720967 -494.817818
-4954.503272 -600.753343
-4996.285578 -706.688869
-5038.067883 -812.624395
-5079.850189 -918.559920
-5121.632494 -1024.495446
-5163.414800 -1130.430971
-5205.197105 -1236.366497
-5246.979410 -1342.302022
-5288.761716 -1448.237548
-5330.544021 -1554.173074
-5372.326327 -1660.108599
-5414.108632 -1766.044125
-5455.890938 -1871.979650
-5497.673243 -1977.915176
4828.957699 -52.533814
4659.992434 14.108214
4491.027169 80.750243
4322.061904 147.392271
4153.096640 214.034300
3984.131375 280.676328
3815.166110 347.318356
3646.200845 413.960385
3477.235580 480.602413
3308.270316 547.244442
3139.305051 613.886470
2970.339786 680.528498
2801.374521 747.170527
2632.409256 813.812555
2463.443992 880.454584
2294.478727 947.096612
2125.513462 1013.738640
1956.548197 1080.380669
1787.582932 1147.022697
1618.617668 1213.664726
1449.652403 1280.306754
1280.687138 1346.948782
1111.721873 1413.590811
942.756608 1480.232839
773.791344 1546.874867
604.826079 1613.516896
435.860814 1680.158924
266.895549 1746.800953
97.930284 1813.442981
-71.034980 1880.085009
-240.000245 1946.727038
-408.965510 2013.369066
-577.930775 2080.011095
-746.896040 2146.653123
-915.861304 2213.295151
-1084.826569 2279.937180
-1253.791834 2346.579208
-1422.757099 2413.221237
-1591.722364 2479.863265
-1760.687628 2546.505293
-1929.652893 2613.147322
-2098.618158 2679.789350
-2267.583423 2746.431378
-2436.548688 2813.073407
-2605.513952 2879.715435
-2774.479217 2946.357464
-2943.444482 3012.999492
-3112.409747 3079.641520
-3281.375012 3146.283549
-3450.340276 3212.925577
2781.624732 -5243.374567
2612.659467 -5176.732539
2443.694203 -5110.090510
2274.728938 -5043.448482
2105.763673 -4976.806453
1936.798408 -4910.164425
1767.833143 -4843.522397
1598.867879 -4776.880368
1429.902614 -4710.238340
1260.937349 -4643.596311
1091.972084 -4576.954283
923.006819 -4510.312255
754.041555 -4443.670226
585.076290 -4377.028198
416.111025 -4310.386170
247.145760 -4243.744141
78.180495 -4177.102113
-90.784769 -4110.460084
-259.750034 -4043.818056
-428.715299 -3977.176028
-597.680564 -3910.533999
-766.645829 -3843.891971
-935.611093 -3777.249942
-1104.576358 -3710.607914
-1273.541623 -3643.965886
-1442.506888 -3577.323857
-1611.472153 -3510.681829
-1780.437417 -3444.039800
-1949.402682 -3377.397772
-2118.367947 -3310.755744
-2287.333212 -3244.113715
-2456.298477 -3177.471687
-2625.263741 -3110.829659
-2794.229006 -3044.187630
-2963.194271 -2977.545602
-3132.159536 -2910.903573
-3301.124801 -2844.261545
-3470.090065 -2777.619517
-3639.055330 -2710.977488
-3808.020595 -2644.335460
-3976.985860 -2577.693431
-4145.951125 -2511.051403
-4314.916389 -2444.409375
-4483.881654 -2377.767346
-4652.846919 -2311.125318
-4821.812184 -2244.483289
-4990.777449 -2177.841261
-5159.742713 -2111.199233
-5328.707978 -2044.557204
-5497.673243 -1977.915176
3265.688127 -500.181272
3238.731801 -568.526773
3211.775475 -636.872273
3184.819149 -705.217774
3157.862823 -773.563274
3130.906497 -841.908774
3103.950171 -910.254275
3076.993845 -978.599775
3050.037519 -1046.945275
3023.081193 -1115.290776
2996.124867 -1183.636276
2969.168540 -1251.981777
2942.212214 -1320.327277
2915.255888 -1388.672777
2888.299562 -1457.018278
2861.343236 -1525.363778
2834.386910 -1593.709278
2807.430584 -1662.054779
2780.474258 -1730.400279
2753.517932 -1798.745779
2726.561606 -1867.091280
2699.605280 -1935.436780
2672.648953 -2003.782281
2645.692627 -2072.127781
2618.736301 -2140.473281
2591.779975 -2208.818782
2564.823649 -2277.164282
2537.867323 -2345.509782
2510.910997 -2413.855283
2483.954671 -2482.200783
2456.998345 -2550.546284
2430.042019 -2618.891784
2403.085693 -2687.237284
2376.129366 -2755.582785
2349.173040 -2823.928285
2322.216714 -2892.273785
2295.260388 -2960.619286
2268.304062 -3028.964786
2241.347736 -3097.310287
2214.391410 -3165.655787
2187.435084 -3234.001287
2160.478758 -3302.346788
2133.522432 -3370.692288
2106.566106 -3439.037788
2079.609779 -3507.383289
2052.653453 -3575.728789
2025.697127 -3644.074289
1998.740801 -3712.419790
1971.784475 -3780.765290
1944.828149 -3849.110791
4465.721205 -973.489431
4441.230734 -963.830081
4416.740263 -954.170731
4392.249792 -944.511381
4367.759321 -934.852031
4343.268850 -925.192680
4318.778379 -915.533330
4294.287908 -905.873980
4269.797437 -896.214630
4245.306966 -886.555280
4220.816495 -876.895930
4196.326024 -867.236579
4171.835553 -857.577229
4147.345082 -847.917879
4122.854611 -838.258529
4098.364140 -828.599179
4073.873669 -818.939828
4049.383198 -809.280478
4024.892727 -799.621128
4000.402256 -789.961778
3975.911785 -780.302428
3951.421315 -770.643078
3926.930844 -760.983727
3902.440373 -751.324377
3877.949902 -741.665027
3853.459431 -732.005677
3828.968960 -722.346327
3804.478489 -712.686976
3779.988018 -703.027626
3755.497547 -693.368276
3731.007076 -683.708926
3706.516605 -674.049576
3682.026134 -664.390226
3657.535663 -654.730875
3633.045192 -645.071525
3608.554721 -635.412175
3584.064250 -625.752825
3559.573779 -616.093475
3535.083308 -606.434124
3510.592837 -596.774774
3486.102366 -587.115424
3461.611895 -577.456074
3437.121424 -567.796724
3412.630953 -558.137374
3388.140482 -548.478023
3363.650011 -538.818673
3339.159540 -529.159323
3314.669069 -519.499973
3290.178598 -509.840623
3265.688127 -500.181272
3144.861226 -4322.418950
3120.370755 -4312.759599
3095.880284 -4303.100249
3071.389813 -4293.440899
3046.899342 -4283.781549
3022.408872 -4274.122199
2997.918401 -4264.462848
2973.427930 -4254.803498
2948.937459 -4245.144148
2924.446988 -4235.484798
2899.956517 -4225.825448
2875.466046 -4216.166098
2850.975575 -4206.506747
2826.485104 -4196.847397
2801.994633 -4187.188047
2777.504162 -4177.528697
2753.013691 -4167.869347
2728.523220 -4158.209996
2704.032749 -4148.550646
2679.542278 -4138.891296
2655.051807 -4129.231946
2630.561336 -4119.572596
2606.070865 -4109.913246
2581.580394 -4100.253895
2557.089923 -4090.594545
2532.599452 -4080.935195
2508.108981 -4071.275845
2483.618510 -4061.616495
2459.128039 -4051.957144
2434.637568 -4042.297794
2410.147097 -4032.638444
2385.656626 -4022.979094
2361.166155 -4013.319744
2336.675684 -4003.660394
2312.185214 -3994.001043
2287.694743 -3984.341693
2263.204272 -3974.682343
2238.713801 -3965.022993
2214.223330 -3955.363643
2189.732859 -3945.704292
2165.242388 -3936.044942
2140.751917 -3926.385592
2116.261446 -3916.726242
2091.770975 -3907.066892
2067.280504 -3897.407541
2042.790033 -3887.748191
2018.299562 -3878.088841
1993.809091 -3868.429491
1969.318620 -3858.770141
1944.828149 -3849.110791
-2613.543693 1818.661801
-2640.500019 1750.316300
-2667.456345 1681.970800
-2694.412672 1613.625300
-2721.368998 1545.279799
-2748.325324 1476.934299
-2775.281650 1408.588799
-2802.237976 1340.243298
-2829.194302 1271.897798
-2856.150628 1203.552297
-2883.106954 1135.206797
-2910.063280 1066.861297
-2937.019606 998.515796
-2963.975932 930.170296
-2990.932259 861.824796
-3017.888585 793.479295
-3044.844911 725.133795
-3071.801237 656.788295
-3098.757563 588.442794
-3125.713889 520.097294
-3152.670215 451.751793
-3179.626541 383.406293
-3206.582867 315.060793
-3233.539193 246.715292
-3260.495519 178.369792
-3287.451846 110.024292
-3314.408172 41.678791
-3341.364498 -26.666709
-3368.320824 -95.012210
-3395.277150 -163.357710
-3422.233476 -231.703210
-3449.189802 -300.048711
-3476.146128 -368.394211
-3503.102454 -436.739711
-3530.058780 -505.085212
-3557.015106 -573.430712
-3583.971433 -641.776213
-3610.927759 -710.121713
-3637.884085 -778.467213
-3664.840411 -846.812714
-3691.796737 -915.158214
-3718.753063 -983.503714
-3745.709389 -1051.849215
-3772.665715 -1120.194715
-3799.622041 -1188.540215
-3826.578367 -1256.885716
-3853.534693 -1325.231216
-3880.491019 -1393.576717
-3907.447346 -1461.922217
-3934.403672 -1530.267717
-3813.576771 2291.969960
-3789.086300 2282.310610
-3764.595829 2272.651259
-3740.105358 2262.991909
-3715.614887 2253.332559
-3691.124416 2243.673209
-3666.633945 2234.013859
-3642.143474 2224.354508
-3617.653003 2214.695158
-3593.162532 2205.035808
-3568.672061 2195.376458
-3544.181590 2185.717108
-3519.691119 2176.057758
-3495.200648 2166.398407
-3470.710177 2156.739057
-3446.219706 2147.079707
-3421.729235 2137.420357
-3397.238764 2127.761007
-3372.748293 2118.101656
-3348.257822 2108.442306
-3323.767351 2098.782956
-3299.276880 2089.123606
-3274.786409 2079.464256
-3250.295938 2069.804906
-3225.805467 2060.145555
-3201.314996 2050.486205
-3176.824525 2040.826855
-3152.334054 2031.167505
-3127.843584 2021.508155
-3103.353113 2011.848804
-3078.862642 2002.189454
-3054.372171 1992.530104
-3029.881700 1982.870754
-3005.391229 1973.211404
-2980.900758 1963.552054
-2956.410287 1953.892703
-2931.919816 1944.233353
-2907.429345 1934.574003
-2882.938874 1924.914653
-2858.448403 1915.255303
-2833.957932 1905.595952
-2809.467461 1895.936602
-2784.976990 1886.277252
-2760.486519 1876.617902
-2735.996048 1866.958552
-2711.505577 1857.299202
-2687.015106 1847.639851
-2662.524635 1837.980501
-2638.034164 1828.321151
-2613.543693 1818.661801
-5134.436749 -1056.959558
-5109.946278 -1066.618909
-5085.455807 -1076.278259
-5060.965336 -1085.937609
-5036.474865 -1095.596959
-5011.984394 -1105.256309
-4987.493923 -1114.915659
-4963.003452 -1124.575010
-4938.512981 -1134.234360
-4914.022510 -1143.893710
-4889.532039 -1153.553060
-4865.041568 -1163.212410
-4840.551097 -1172.871761
-4816.060626 -1182.531111
-4791.570155 -1192.190461
-4767.079685 -1201.849811
-4742.589214 -1211.509161
-4718.098743 -1221.168511
-4693.608272 -1230.827862
-4669.117801 -1240.487212
-4644.627330 -1250.146562
-4620.136859 -1259.805912
-4595.646388 -1269.465262
-4571.155917 -1279.124613
-4546.665446 -1288.783963
-4522.174975 -1298.443313
-4497.684504 -1308.102663
-4473.194033 -1317.762013
-4448.703562 -1327.421363
-4424.213091 -1337.080714
-4399.722620 -1346.740064
-4375.232149 -1356.399414
-4350.741678 -1366.058764
-4326.251207 -1375.718114
-4301.760736 -1385.377465
-4277.270265 -1395.036815
-4252.779794 -1404.696165
-4228.289323 -1414.355515
-4203.798852 -1424.014865
-4179.308381 -1433.674215
-4154.817910 -1443.333566
-4130.327439 -1452.992916
-4105.836968 -1462.652266
-4081.346497 -1472.311616
-4056.856027 -1481.970966
-4032.365556 -1491.630317
-4007.875085 -1501.289667
-3983.384614 -1510.949017
-3958.894143 -1520.608367
-3934.403672 -1530.267717
-1358.024255 -3610.644871
-1316.241950 -3504.709346
-1274.459645 -3398.773820
-1232.677339 -3292.838295
-1190.895034 -3186.902769
-1149.112728 -3080.967244
-1107.330423 -2975.031718
-1065.548117 -2869.096192
-1023.765812 -2763.160667
-981.983506 -2657.225141
-940.201201 -2551.289616
-898.418896 -2445.354090
-856.636590 -2339.418565
-814.854285 -2233.483039
-773.071979 -2127.547513
-731.289674 -2021.611988
-689.507368 -1915.676462
-647.725063 -1809.740937
-605.942757 -1703.805411
-564.160452 -1597.869886
-522.378147 -1491.934360
-480.595841 -1385.998834
-438.813536 -1280.063309
-397.031230 -1174.127783
-355.248925 -1068.192258
-313.466619 -962.256732
-271.684314 -856.321207
-229.902009 -750.385681
-188.119703 -644.450155
-146.337398 -538.514630
-104.555092 -432.579104
-62.772787 -326.643579
-20.990481 -220.708053
20.791824 -114.772528
62.574130 -8.837002
104.356435 97.098524
146.138740 203.034049
187.921046 308.969575
229.703351 414.905100
271.485657 520.840626
313.267962 626.776151
355.050268 732.711677
396.832573 838.647203
438.614879 944.582728
480.397184 1050.518254
522.179489 1156.453779
563.961795 1262.389305
605.744100 1368.324831
647.526406 1474.260356
689.308711 1580.195882
3946.855705 -1198.830491
3925.889674 -1251.988103
3904.923642 -1305.145714
3883.957611 -1358.303326
3862.991580 -1411.460937
3842.025548 -1464.618548
3821.059517 -1517.776160
3800.093485 -1570.933771
3779.127454 -1624.091383
3758.161423 -1677.248994
3737.195391 -1730.406605
3716.229360 -1783.564217
3695.263328 -1836.721828
3674.297297 -1889.879440
3653.331266 -1943.037051
3632.365234 -1996.194662
3611.399203 -2049.352274
3590.433171 -2102.509885
3569.467140 -2155.667497
3548.501109 -2208.825108
3527.535077 -2261.982719
3506.569046 -2315.140331
3485.603014 -2368.297942
3464.636983 -2421.455554
3443.670951 -2474.613165
3422.704920 -2527.770776
3401.738889 -2580.928388
3380.772857 -2634.085999
3359.806826 -2687.243611
3338.840794 -2740.401222
3317.874763 -2793.558833
3296.908732 -2846.716445
3275.942700 -2899.874056
3254.976669 -2953.031668
3234.010637 -3006.189279
3213.044606 -3059.346890
3192.078575 -3112.504502
3171.112543 -3165.662113
3150.146512 -3218.819725
3129.180480 -3271.977336
3108.214449 -3325.134947
3087.248418 -3378.292559
3066.282386 -3431.450170
3045.316355 -3484.607782
3024.350323 -3537.765393
3003.384292 -3590.923004
2982.418261 -3644.080616
2961.452229 -3697.238227
2940.486198 -3750.395839
2919.520166 -3803.553450
4318.958985 -1345.592711
4311.365040 -1342.597564
4303.771096 -1339.602417
4296.177152 -1336.607269
4288.583207 -1333.612122
4280.989263 -1330.616974
4273.395318 -1327.621827
4265.801374 -1324.626680
4258.207429 -1321.631532
4250.613485 -1318.636385
4243.019540 -1315.641238
4235.425596 -1312.646090
4227.831651 -1309.650943
4220.237707 -1306.655796
4212.643762 -1303.660648
4205.049818 -1300.665501
4197.455873 -1297.670354
4189.861929 -1294.675206
4182.267984 -1291.680059
4174.674040 -1288.684912
4167.080095 -1285.689764
4159.486151 -1282.694617
4151.892206 -1279.699470
4144.298262 -1276.704322
4136.704317 -1273.709175
4129.110373 -1270.714028
4121.516428 -1267.718880
4113.922484 -1264.723733
4106.328539 -1261.728586
4098.734595 -1258.733438
4091.140650 -1255.738291
4083.546706 -1252.743144
4075.952761 -1249.747996
4068.358817 -1246.752849
4060.764872 -1243.757702
4053.170928 -1240.762554
4045.576983 -1237.767407
4037.983039 -1234.772259
4030.389095 -1231.777112
4022.795150 -1228.781965
4015.201206 -1225.786817
4007.607261 -1222.791670
4000.013317 -1219.796523
3992.419372 -1216.801375
3984.825428 -1213.806228
3977.231483 -1210.811081
3969.637539 -1207.815933
3962.043594 -1204.820786
3954.449650 -1201.825639
3946.855705 -1198.830491
3291.623446 -3950.315670
3284.029502 -3947.320522
3276.435557 -3944.325375
3268.841613 -3941.330228
3261.247668 -3938.335080
3253.653724 -3935.339933
3246.059779 -3932.344786
3238.465835 -3929.349638
3230.871890 -3926.354491
3223.277946 -3923.359344
3215.684001 -3920.364196
3208.090057 -3917.369049
3200.496112 -3914.373902
3192.902168 -3911.378754
3185.308223 -3908.383607
3177.714279 -3905.388460
3170.120334 -3902.393312
3162.526390 -3899.398165
3154.932445 -3896.403018
3147.338501 -3893.407870
3139.744556 -3890.412723
3132.150612 -3887.417576
3124.556667 -3884.422428
3116.962723 -3881.427281
3109.368779 -3878.432133
3101.774834 -3875.436986
3094.180890 -3872.441839
3086.586945 -3869.446691
3078.993001 -3866.451544
3071.399056 -3863.456397
3063.805112 -3860.461249
3056.211167 -3857.466102
3048.617223 -3854.470955
3041.023278 -3851.475807
3033.429334 -3848.480660
3025.835389 -3845.485513
3018.241445 -3842.490365
3010.647500 -3839.495218
3003.053556 -3836.500071
2995.459611 -3833.504923
2987.865667 -3830.509776
2980.271722 -3827.514629
2972.677778 -3824.519481
2965.083833 -3821.524334
2957.489889 -3818.529187
2949.895944 -3815.534039
2942.302000 -3812.538892
2934.708055 -3809.543745
2927.114111 -3806.548597
2919.520166 -3803.553450
-3588.235711 1773.104460
-3609.201742 1719.946849
-3630.167773 1666.789237
-3651.133805 1613.631626
-3672.099836 1560.474015
-3693.065868 1507.316403
-3714.031899 1454.158792
-3734.997930 1401.001180
-3755.963962 1347.843569
-3776.929993 1294.685958
-3797.896025 1241.528346
-3818.862056 1188.370735
-3839.828087 1135.213123
-3860.794119 1082.055512
-3881.760150 1028.897901
-3902.726182 975.740289
-3923.692213 922.582678
-3944.658244 869.425066
-3965.624276 816.267455
-3986.590307 763.109844
-4007.556339 709.952232
-4028.522370 656.794621
-4049.488401 603.637009
-4070.454433 550.479398
-4091.420464 497.321787
-4112.386496 444.164175
-4133.352527 391.006564
-4154.318559 337.848952
-4175.284590 284.691341
-4196.250621 231.533730
-4217.216653 178.376118
-4238.182684 125.218507
-4259.148716 72.060895
-4280.114747 18.903284
-4301.080778 -34.254327
-4322.046810 -87.411939
-4343.012841 -140.569550
-4363.978873 -193.727162
-4384.944904 -246.884773
-4405.910935 -300.042384
-4426.876967 -353.199996
-4447.842998 -406.357607
-4468.809030 -459.515219
-4489.775061 -512.672830
-4510.741092 -565.830441
-4531.707124 -618.988053
-4552.673155 -672.145664
-4573.639187 -725.303276
-4594.605218 -778.460887
-4615.571249 -831.618498
-3960.338990 1919.866680
-3952.745046 1916.871533
-3945.151101 1913.876385
-3937.557157 1910.881238
-3929.963212 1907.886091
-3922.369268 1904.890943
-3914.775323 1901.895796
-3907.181379 1898.900649
-3899.587435 1895.905501
-3891.993490 1892.910354
-3884.399546 1889.915207
-3876.805601 1886.920059
-3869.211657 1883.924912
-3861.617712 1880.929764
-3854.023768 1877.934617
-3846.429823 1874.939470
-3838.835879 1871.944322
-3831.241934 1868.949175
-3823.647990 1865.954028
-3816.054045 1862.958880
-3808.460101 1859.963733
-3800.866156 1856.968586
-3793.272212 1853.973438
-3785.678267 1850.978291
-3778.084323 1847.983144
-3770.490378 1844.987996
-3762.896434 1841.992849
-3755.302489 1838.997702
-3747.708545 1836.002554
-3740.114600 1833.007407
-3732.520656 1830.012260
-3724.926711 1827.017112
-3717.332767 1824.021965
-3709.738822 1821.026818
-3702.144878 1818.031670
-3694.550933 1815.036523
-3686.956989 1812.041376
-3679.363044 1809.046228
-3671.769100 1806.051081
-3664.175155 1803.055934
-3656.581211 1800.060786
-3648.987266 1797.065639
-3641.393322 1794.070492
-3633.799378 1791.075344
-3626.205433 1788.080197
-3618.611489 1785.085049
-3611.017544 1782.089902
-3603.423600 1779.094755
-3595.829655 1776.099607
-3588.235711 1773.104460
-4987.674529 -684.856279
-4980.080585 -687.851426
-4972.486640 -690.846573
-4964.892696 -693.841721
-4957.298751 -696.836868
-4949.704807 -699.832015
-4942.110862 -702.827163
-4934.516918 -705.822310
-4926.922973 -708.817457
-4919.329029 -711.812605
-4911.735084 -714.807752
-4904.141140 -717.802899
-4896.547195 -720.798047
-4888.953251 -723.793194
-4881.359306 -726.788341
-4873.765362 -729.783489
-4866.171417 -732.778636
-4858.577473 -735.773783
-4850.983528 -738.768931
-4843.389584 -741.764078
-4835.795639 -744.759225
-4828.201695 -747.754373
-4820.607750 -750.749520
-4813.013806 -753.744667
-4805.419862 -756.739815
-4797.825917 -759.734962
-4790.231973 -762.730110
-4782.638028 -765.725257
-4775.044084 -768.720404
-4767.450139 -771.715552
-4759.856195 -774.710699
-4752.262250 -777.705846
-4744.668306 -780.700994
-4737.074361 -783.696141
-4729.480417 -786.691288
-4721.886472 -789.686436
-4714.292528 -792.681583
-4706.698583 -795.676730
-4699.104639 -798.671878
-4691.510694 -801.667025
-4683.916750 -804.662172
-4676.322805 -807.657320
-4668.728861 -810.652467
-4661.134916 -813.647614
-4653.540972 -816.642762
-4645.947027 -819.637909
-4638.353083 -822.633056
-4630.759138 -825.628204
-4623.165194 -828.623351
-4615.571249 -831.618498
595.900427 -1382.130044
635.181861 -1260.158977
658.543480 -1134.166092
665.601688 -1006.220189
656.240590 -878.422136
630.613894 -752.870375
589.142389 -631.626461
532.507038 -516.681216
461.637791 -409.922038
377.698318 -313.101910
282.066904 -227.810615
176.313814 -155.448634
62.175510 -97.204149
-58.473859 -54.033532
-183.653234 -26.645645
-311.307174 -15.490195
-439.339603 -20.750355
-565.648234 -42.339752
-688.159082 -79.903891
-804.860523 -132.825967
-913.836321 -200.237003
-1013.297097 -281.030111
-1101.609709 -373.878671
-1177.324064 -477.258111
-1239.196937 -589.470945
-1286.212376 -708.674640
-1317.598388 -832.911875
-1332.839616 -960.142678
-1331.685801 -1088.277923
-1314.155886 -1215.213633
-1280.537714 -1338.865527
-1231.383293 -1457.203244
-1167.499738 -1568.283682
-1089.936015 -1670.282904
-999.965718 -1761.526084
-899.066157 -1840.515014
-788.894100 -1905.952695
-671.258569 -1956.764644
-548.091136 -1992.116530
-421.414207 -2011.427876
-293.307814 -2014.381590
-165.875460 -2000.929172
-41.209581 -1971.291510
78.642812 -1925.955255
191.713748 -1865.664825
296.146604 -1791.410189
390.226595 -1704.410605
472.408931 -1606.094605
541.344180 -1498.076533
595.900427 -1382.130044
