498.296659 2536.593627
-977.167293 2199.884033
1583.962723 -1074.401120
687.267237 2953.131471
-37.569703 2143.638565
673.697071 -1533.626580
-788.224311 -1151.036869
370.388501 2394.745613
-352.276351 1434.491186
-1097.362069 2840.378399
-535.517554 -118.430492
-3121.335136 2522.098721
-4175.841198 284.873942
2372.091857 -2548.336318
-4710.671636 716.693112
-2462.513346 -2125.536515
-3226.878413 640.572987
-4519.002120 -2403.249608
877.558852 652.611160
-3686.743553 3213.253341
-769.637626 -432.676511
1013.923754 782.739126
1157.341049 1297.281040
4634.258175 -416.116496
-2295.663372 -257.047745
-1050.353643 1396.251465
2837.523997 2541.518136
43.598445 2827.979357
-4097.290399 121.245742
-1129.902231 960.864674
1161.003584 -2840.672253
-1676.276300 1123.228585
4231.090833 -1397.548781
-4282.932312 -1607.405469
-1781.078484 156.789987
-3150.917396 2748.676151
-2768.751970 1344.626442
3527.193482 -1916.396006
1257.307451 -1349.645584
4919.313593 1189.368895
-1434.150172 -1328.974180
-3488.601393 846.894707
584.624800 369.074267
1659.687199 812.438448
-2841.322335 2918.650930
-2779.075441 -2465.595180
4333.914542 -1015.836385
420.769189 -1961.499711
-4187.513610 2164.165245
-3663.375005 2143.769630
3256.441453 -2099.433212
952.298138 -1128.119794
-4611.881202 2550.449012
2571.244489 363.554241
2385.933379 1765.079396
-2513.477911 3207.976729
1672.656989 2798.497705
2931.862062 -211.839544
-3642.264245 294.944339
2602.987676 1150.095094
-4212.284410 24.477393
1822.923085 -2632.581020
4182.333859 -2407.851556
2147.038738 2591.117003
-3615.894589 886.919186
-37.544601 2506.344981
4781.171301 328.070533
3121.501153 -1013.277716
3460.638430 -144.095770
2105.890585 -1704.029217
-973.428794 -1213.709158
-2261.469871 3287.890226
-296.834043 2777.663636
555.103485 914.685340
-2995.970082 1801.393784
1058.622914 -1513.560105
-4910.192966 -1625.771503
-1718.503176 -2841.076800
-3795.538540 2749.024298
-478.812665 858.697028
-381.700555 -3078.288982
4702.239243 -1291.366937
875.304857 1801.343366
-1624.384908 -1119.709066
4724.414439 179.030011
-2442.363740 -2407.360015
-888.197342 -2380.902407
-3790.429387 -233.099467
-3267.197812 534.209261
1989.233136 -3074.031887
-268.148876 -37.727809
598.371752 -202.401123
1461.718100 -2910.632844
1554.224017 -700.274531
-1927.071763 -850.209180
2251.936179 816.482395
-796.296765 -3063.854831
-1340.599300 -2293.150322
-1209.470269 -1174.681798
-1892.271253 -3142.545030
3666.888340 -30.769229
-355.420297 -2923.063562
-1370.667030 1338.462205
-4625.685904 -918.528300
-4615.373432 1090.650268
614.300302 -702.608315
-2728.041791 2058.135856
-4702.592677 -2122.888730
-2077.855522 363.241132
-3599.368881 2395.549733
-4795.945409 1542.734101
-1099.285661 -1983.494745
-2657.150400 395.496262
-3644.234773 611.050479
-734.923678 833.458848
-4054.802687 -2048.248631
-1196.235539 -571.431962
2002.580420 -406.993557
-3198.784198 1501.967117
4682.472805 2399.659315
2885.584546 2502.051158
-3907.597846 -1518.585174
-248.702615 5.349207
473.988334 873.221452
4764.699019 -2905.242976
-4153.642338 -2310.253247
720.900460 184.673031
3742.030640 -1774.318973
-1380.851108 -610.379581
-1007.215038 -788.190588
-1979.332415 -2160.297024
4319.685103 -1467.468118
2684.417213 1657.232571
-3305.803114 -1317.732761
-3426.661773 -1440.892406
2656.467800 -911.596099
707.885906 2857.547844
2849.550761 2054.675276
-571.130322 -2153.102531
3217.987149 467.455555
-4232.465720 2441.899263
-2968.434324 2022.962692
960.795671 517.151102
-51.926135 1609.960750
-4700.834515 2622.442117
1129.146861 1098.054049
-1466.784707 -1721.452089
1165.135246 -3117.508253
-3822.512860 -207.107999
-4778.513222 -1358.284220
-1970.393041 -881.377598
2537.432230 435.663023
-112.635260 -2215.747534
4680.701874 1039.739947
2541.431966 1205.346906
3184.254036 -1334.169628
-2494.474265 980.937102
1076.147537 -1534.659876
2788.150074 -785.279534
-3689.317771 -671.301453
-4513.471022 1309.083778
3286.357895 -294.420861
-720.145920 2920.716511
1001.434750 2741.728461
195.296791 1140.882233
-1615.221574 -32.714583
3176.347460 1599.341916
427.889789 -975.400429
-2061.043820 -2412.266342
88.416310 -1574.358355
-4755.742680 -1284.220914
3924.013499 -2389.954757
-1590.749491 421.402803
4410.764035 -2202.997131
-2873.372076 1216.806191
-3393.992321 -3146.745121
-971.949845 2254.402989
-2024.029363 -751.201579
-435.095624 1168.932936
4922.338512 -2062.301479
4319.759818 -1933.189035
736.775253 -2615.107339
1660.817057 -382.393361
2029.249955 -740.794642
1572.775827 639.428766
-2117.173366 1673.623772
-906.343588 -2262.379260
-2239.209103 -317.643220
-89.622381 2683.172012
3380.566658 2664.786898
-467.959767 2245.899986
-1298.672672 -554.404950
-775.214159 -2740.548768
-4567.730157 1898.185044
3175.214094 -346.475066
-2101.084630 1536.353144
2738.152107 -2356.044920
-3880.728249 -554.327334
3220.164101 2676.105470
-2770.214669 1632.987144
2986.551757 -1968.040664
884.720693 458.801136
-201.694360 3233.557786
3086.557114 -3092.367918
310.239133 2308.026904
3445.979634 -2378.451570
4149.786292 2731.451547
-3500.290742 -3137.860766
3221.719176 2292.409922
-869.279591 -2838.803467
3999.051474 2436.197600
-2603.527826 -265.775922
4809.757777 2890.168634
3149.725320 1651.637905
-604.375236 -1432.162753
70.231935 -2431.804574
-1893.626529 -2963.663786
-2452.294219 -2000.119653
1105.019762 -3148.815393
3738.693036 -436.579000
3879.292247 -1068.623576
-3891.142367 490.950859
3878.716526 397.739359
1663.654753 -798.806846
-254.057834 2089.497291
-3649.207146 -1153.823302
4227.122187 877.584520
1363.082259 2537.675837
-1272.055171 -17.876688
4491.874000 -822.967582
1034.655092 -1534.609705
-3707.160136 -830.843723
-3898.850992 -1542.868500
-4692.111837 2852.873750
1949.614440 -605.984892
1486.566966 258.582480
2314.725376 -221.875706
3633.875966 -2605.907905
-3006.272016 -161.374874
466.000617 -465.866703
-1668.585737 -3068.186854
-460.979594 -2242.137732
-3464.708788 -1543.495258
-920.015543 -1372.090802
-4527.174543 3213.713543
-40.561019 911.755019
-2239.943051 -839.770947
1831.052848 -1714.528136
4770.132443 -422.636203
2732.315502 3177.089459
4406.295061 -1221.930152
-1178.636649 1761.681391
-3063.621979 2748.874944
-2319.944419 -1152.610137
-2233.949211 -871.580689
1890.305811 2391.460573
1453.613495 -2387.309660
-4266.903977 2119.693142
941.835664 2000.144806
957.777234 526.168642
-4677.205264 164.797073
-78.456733 2671.420394
-3803.137313 -2654.805126
-4900.097996 -906.747982
-3111.450610 898.465576
-1437.580729 -1135.149353
-3341.921382 3120.989720
-1559.747199 -3004.992926
2592.817783 910.994818
1159.501548 -1742.421929
-443.695288 -1561.109873
1064.641533 1676.744140
273.532424 2439.002371
-1331.731414 2472.169562
278.834485 -2885.845089
-4371.944427 -551.328036
-474.629163 517.475732
4780.837225 2770.795271
-1624.492428 1204.102441
-70.485672 -1315.238954
-2674.827011 1679.860541
-81.221383 -902.529231
1581.694562 2569.273128
4200.298842 -1605.857449
504.647040 1869.468905
3110.789944 2253.671502
-940.966634 -1351.789097
4652.990805 -1464.222540
775.758279 746.064311
3219.171452 -2590.783745
-1908.992446 -1078.598058
-4435.938675 2157.418437
509.876041 -81.313865
4175.314376 -579.600092
-3289.721662 3045.811779
-246.682672 1823.387318
-2983.149400 -2092.022832
8.956788 -2289.428943
2219.888679 1516.176054
1292.464060 365.786976
3336.184479 2386.981895
2957.354644 2728.650937
-3729.383913 -222.461758
-1600.498767 -737.353820
3062.278667 366.144308
-4312.217136 -3087.812461
-3345.930583 -1780.552160
536.509152 1515.400938
-2734.060714 -299.157903
67.867400 -2730.126235
3921.807817 2777.256984
1202.933517 1452.852293
-3219.976873 2264.130460
-2815.228793 -2089.635390
1667.476601 3235.697299
-4117.213666 -2920.402578
-2208.509640 -1854.263511
1502.622039 1792.325400
-3180.827821 3265.141616
-633.100949 20.249440
-2485.025892 -663.134862
4204.404900 -3153.609353
149.252751 -2003.755598
709.393705 -584.887459
-4789.857874 -2766.605034
-4788.223636 -2213.096541
-4482.386256 -390.974666
-1905.495140 -2682.262243
-1998.593495 -1506.388209
2408.207355 1362.823487
-2242.628537 3001.159813
2235.083314 2505.602663
3948.697552 -685.197024
4118.830253 3076.298994
-3805.017345 3182.736892
-1910.566579 -3289.739019
539.965419 -2978.941198
-4749.351938 -955.421806
-2392.009499 1006.220093
-72.067978 -683.173405
-2671.659978 1116.271467
-1318.977679 -688.188310
238.912434 -1353.700446
3732.033491 -1906.134483
1395.156691 -1145.125809
-154.241356 875.022872
-83.374325 -2056.091024
4349.248152 -1922.730999
-203.751898 -222.571656
-2073.202293 3019.528617
3057.796028 -2046.180743
-2145.782846 367.165406
1370.466000 -2764.042289
-1094.204694 3006.440577
-3880.401221 643.726536
3072.018552 -2748.789439
124.830977 485.796114
-2354.350189 86.508519
-1321.020091 3241.085541
-3723.772228 -1426.861037
-2204.399240 -2684.507720
-3955.529669 -820.694700
-1792.080204 -3199.819321
3284.646710 -637.078599
543.481313 73.826448
1029.406264 -1174.367285
-2118.145012 2198.601186
-3409.207098 -2656.209347
-2643.131935 -244.220680
2738.070984 570.787274
-2187.666328 2395.641115
4657.996154 3056.612305
-2793.919253 -1424.487470
445.499896 -2531.358649
3258.287081 1119.864284
2089.598994 -1485.944482
1735.194274 396.237925
-2838.301403 1420.320479
-2331.639886 2953.572183
-1898.573077 1483.421383
1337.696732 -3260.603311
-4415.034437 3125.317365
3447.450580 -2021.651189
1545.617774 1564.448742
3635.262451 440.057731
885.983394 -1461.097689
1319.799157 2982.193051
111.540706 -2194.273945
-143.142138 -453.990153
4184.730525 1574.129964
4421.386473 -826.774635
3312.426465 -471.211662
1852.320833 -1469.875825
3198.989377 2847.413564
-4212.921205 1973.577901
4910.070407 -727.556372
-3052.629530 -3140.356531
4430.833975 223.778608
-798.746180 -3161.360312
3365.498074 2910.006038
4811.637717 2558.664925
-3597.993584 1470.257462
-2355.399671 -588.604046
795.500209 -1752.407069
1350.205942 -1262.510254
-2382.995392 -1289.049319
-3364.504798 -27.968744
-4809.128008 -373.030607
-4605.166424 2386.085568
-134.259933 1332.951962
1755.018383 1240.989957
-2549.634747 2139.596242
-2613.253747 -2715.911825
61.611954 1102.814576
2070.580126 -1289.775821
2098.913224 416.374716
-3917.405366 1470.168497
191.423517 1563.798568
-313.059421 1792.990985
-623.996328 -1586.244408
-1506.656674 2870.222356
-3489.653991 -2114.383365
1689.438191 -561.273229
1032.940690 2769.676938
2689.842893 855.880696
-2502.776420 -1039.084053
-4684.846832 -352.773680
-1958.997872 3064.455287
-4744.395580 -433.618553
1010.213878 2441.644493
3820.328559 -1849.749539
3547.586185 -879.135726
1543.993161 -3046.256609
404.149828 930.283772
-4026.443611 -571.921662
4452.418786 1054.616838
-1292.258387 1230.849957
125.020086 3218.808947
-1054.873808 -3224.536805
-4487.106497 736.898278
4544.062089 -13.933851
3043.650325 -946.043239
3312.023468 -3209.833646
-2214.072234 348.783112
1376.975178 962.621601
1305.745826 631.906003
4621.152928 3063.011034
2455.791114 -143.894808
-48.916088 2444.987045
1743.971891 2752.647576
2260.458727 2482.842375
4943.887746 1215.793804
1354.604959 127.118490
-1867.951450 1945.543210
1259.159215 -429.255108
-1424.220164 -2851.395765
2429.133998 -3069.962812
3184.374874 1852.270073
3832.504583 -1470.241835
4579.127553 2978.882917
1484.457658 1191.288818
3318.823453 1187.226327
-1220.188876 -1202.440279
4261.413831 846.032394
-4582.218607 -1607.071889
2872.470212 736.325214
-3572.100943 -939.159461
-458.190451 -2112.675962
-2510.778226 -2855.415344
4065.261920 -3101.914405
-67.176511 1174.725130
4485.968571 90.569401
-3981.652517 2569.575179
2591.983701 2111.908813
-2757.195012 2356.353415
-3802.213478 975.530583
-4187.325875 1891.346320
-4241.379277 -1703.188343
3441.417431 -81.968214
3962.148151 -670.006254
4014.784780 2575.345115
909.786034 2266.928264
4541.039669 2910.536995
1413.150635 1343.289798
4508.167482 2800.729881
235.249415 -3016.397867
2020.176281 -2509.489207
-2557.917932 -2038.506946
4535.341656 -3041.181020
2382.459617 2882.246744
512.563500 2260.659251
-4539.889034 -424.654681
-4506.074534 -696.468719
4343.818121 -3047.223148
1521.202754 3239.114430
-2706.139237 105.472120
-515.737646 -1841.824857
-429.693419 -251.935967
2043.803001 -527.537170
-556.026624 -2234.043811
786.079634 1396.629707
1052.945259 1669.208511
-219.461185 1964.262002
-2062.792217 1561.365359
3064.935875 -717.572611
-2443.471940 773.801512
2359.770880 -2858.981694
-1562.661555 145.424097
-3602.148513 -1786.169467
4632.727437 1134.269404
2354.114440 -1633.265547
-1473.202731 2356.570797
-989.438034 -1079.293307
3396.448195 839.679139
-1752.393418 -413.222071
2922.204614 1252.732946
2805.491701 -468.853685
4867.644120 1782.528838
1600.743943 2678.373563
2490.132828 2467.499473
-4931.729619 742.153310
4597.720115 3052.994326
1788.592980 -894.632169
-3015.185555 -1927.194884
-519.797359 198.083026
-4054.039692 -1149.684008
-1474.051786 -2575.023871
1754.428712 -2629.761419
251.708379 1724.167387
1011.590217 89.225365
-1471.952399 101.368711
-1462.839839 -132.772872
-2858.126840 -2233.990874
-927.274597 -948.023293
-2683.075321 1996.495230
-110.593138 2591.992081
-603.299998 -1677.731228
3148.574989 2778.343613
4632.370255 -344.359302
-4704.062710 -2962.009444
4522.003537 -650.337402
14.683416 1667.391274
-4849.225789 3057.747374
3790.837888 -848.562411
4581.322631 658.141065
719.835023 -2705.364276
78.579687 183.654513
513.048311 -1013.656255
1940.885017 -1224.767742
1012.833745 -1061.306392
-4730.972678 -1345.772731
4527.736134 1953.986550
-1263.319713 2020.965773
4434.452760 1250.532770
3755.868000 1005.492657
1131.128646 -1806.071540
-2543.804997 1536.156172
-3792.984713 -1412.848086
4088.018212 3167.154282
-3399.087848 550.330647
-492.712671 695.906383
-3514.808665 415.250197
921.784344 2865.589216
-4891.060502 2522.932563
2869.382219 1729.256951
-3229.962829 -808.942396
1450.311226 790.326606
1456.904381 1559.332726
4888.391621 986.419575
1527.143196 2017.227854
1519.096401 -1600.251884
4436.254768 -646.357034
-4556.698297 3256.303672
4341.011437 -3284.522402
270.221839 1912.602349
2662.255538 3055.818974
-2613.052445 729.763202
-627.122419 -1591.910454
4183.093922 -1632.858249
-1091.518406 2672.152078
-588.125656 391.814127
-3987.700511 50.355172
-1812.506828 311.761758
-275.864333 -93.000337
106.679739 -3203.398350
-1859.006618 1856.060381
-91.794755 -3170.695691
-2085.489676 -297.510390
3216.923911 -807.231807
-4846.535790 1757.294344
-4924.956622 -1923.601297
-2461.051261 -1284.012341
3980.371638 801.311404
471.096401 -2672.040853
-3029.937460 688.863462
1296.652273 2743.281286
-4629.097232 -607.729774
-4506.874751 1296.156886
-1829.775897 144.273990
3340.590937 213.041112
-2318.631053 229.686105
-2438.345471 1883.957085
2467.702456 1239.497019
2892.814423 -1737.390423
-1771.998135 -461.227644
3593.486627 -2889.412295
-3098.475767 -2676.125405
289.062247 -2381.603774
-1721.021759 -307.757855
4.366136 -1377.445899
-576.292472 371.484168
898.876759 2040.846471
-4507.826689 390.996182
-3758.909630 -976.304943
-2080.236408 1135.942762
-4315.127283 234.340941
2527.411132 1464.949976
3505.584081 -1632.925826
1483.901884 513.203146
4629.288457 -2773.894917
3145.208005 133.074328
-2943.296094 -2559.490415
-1247.275095 -2265.601483
-2636.357365 -1473.947480
-1689.446503 433.430745
3513.520037 855.396652
-580.805487 -754.768478
-3751.520293 -1714.794415
4344.500869 2561.475727
-2872.517913 2348.315930
2688.014317 1148.767308
3857.466488 2482.515965
3147.493136 -1636.481017
-1924.203286 -98.726620
-3514.808361 2068.388738
1553.679778 1113.637406
2024.747751 -2562.392911
-250.080208 -1765.827610
-31.741857 -2168.270470
-3991.258960 -787.479342
2725.734633 -2290.900132
4692.946435 -3017.048672
-2140.746798 2364.921516
2466.828262 -2203.993398
-93.238032 -1250.098349
2948.817925 3072.549423
2327.868836 1128.290857
-4378.674164 -2327.924072
1184.773013 940.978815
-4247.887769 1578.202658
-1197.368048 99.852542
-1368.459823 -70.997204
-2754.459189 1796.163008
-1652.641245 145.731688
4250.636652 -3206.238643
-1584.072009 2043.682766
-793.247187 300.892557
1092.305631 680.622255
-4628.933857 -1821.922554
1237.535224 -1355.266142
969.194960 1138.907421
2204.059659 -3060.634565
3849.595815 -1601.376127
4103.296557 590.201715
-3909.041404 125.372336
1047.773580 2362.524479
-4222.578723 -1454.704463
-2845.350561 2561.292613
-20.622138 2774.688090
-730.135324 307.211501
-4015.149070 -2338.616498
-2199.928744 2416.303962
4458.472081 1684.924210
-1030.693398 1122.165758
-1350.596915 1814.035211
-1544.476506 -779.565786
-3613.514247 -296.087806
-279.841300 1102.760006
-872.131831 -2200.946429
744.387169 603.771709
-4628.172074 1225.117077
-3337.177594 3052.942215
-1701.089222 2726.249919
2475.633853 -1248.796807
2590.350390 1143.533728
-2056.302968 -3172.997125
1801.601781 -2284.706591
-1479.182561 819.297878
4043.649647 -3050.361463
-1108.835461 734.392837
-849.102661 948.294633
842.043011 2020.251343
1218.661204 -2400.371597
-819.652267 2535.049691
3780.399156 966.716916
-3740.225932 2890.002419
2416.246055 797.430670
3177.236383 3104.297213
647.394500 2501.894652
-243.901740 -1525.088920
4723.212346 1200.558002
-3316.412320 -1529.781091
-1812.704474 2570.197769
-1157.192043 -1264.581215
2569.431574 -2041.952284
3066.569459 -1237.880227
3739.745108 -2921.930832
-3974.555733 2479.808101
4393.825654 -379.903437
3222.757423 2747.988134
-1793.373262 2597.254522
-432.738466 -2896.987205
-982.515786 -811.794823
-193.794446 1709.081577
-540.940596 126.845189
-4383.603848 -1124.970265
1071.912836 -1929.361903
2777.211221 -1281.036317
4203.108753 -1650.695632
4443.255073 -2798.701308
-2561.185279 -700.660506
-2809.314960 2301.721402
-409.090964 -1641.304245
908.147909 1519.890962
-4627.250613 -2129.643293
1615.112634 -1753.190093
1045.011705 2249.252983
1028.692656 805.116600
-206.608126 308.697971
2936.503849 -28.108254
-4635.873157 1559.609005
-3350.526795 2982.407752
-1473.869385 -579.493114
4131.394594 -3265.895816
-2541.926901 -3051.381578
-4074.402292 1312.097324
-2349.462119 -1283.339343
1422.638715 2690.377597
-1682.655521 -736.943767
-2321.519174 -2075.206868
-2221.194820 -1866.423569
1774.944278 -803.339359
4284.159645 1507.058565
-626.064510 962.975376
1700.477376 2563.492648
-4127.155301 3145.455572
2257.433623 -1706.106122
-2823.843034 2529.445670
-1743.774046 -1878.925377
4750.749340 -131.914888
-3647.017817 1681.775830
-4748.260782 -428.513734
3587.705481 -871.062175
-3798.209998 2002.826262
-1247.859299 -156.957462
1661.506964 389.943358
1595.001415 -1399.661368
4547.635761 13.481343
-3301.897344 2144.488091
2589.793975 2012.056842
409.213563 2878.079346
370.488267 3012.164605
4073.091296 2106.720366
-4806.846749 2872.253522
2612.068739 -1247.131753
-962.089153 3147.182977
-4753.722705 917.295026
3737.705960 649.865057
1184.835553 1745.270660
755.010547 176.568067
-4823.288227 -2841.449585
-2921.255585 694.794132
3286.052747 111.959859
3232.796404 207.106161
1242.910879 -1346.791589
3966.873546 1303.759259
2327.529107 1434.214270
3532.311187 628.467319
-192.623259 -1874.035923
4258.951734 1917.779171
-3112.214509 2001.997702
-1203.139785 -3229.604495
287.915110 2244.458846
-1.344338 1103.125547
-919.128128 -1360.778134
1236.704447 -2014.209659
3177.660341 2822.774336
1548.740966 1880.512475
-4052.417915 -1537.513896
-2077.713648 -1996.816686
-4787.352258 -775.339056
3077.879821 1714.998339
-2861.529152 -1383.639900
-3682.487881 1905.466590
758.156885 -1995.428671
-1777.526120 2116.542568
2598.373955 938.563277
4182.134400 -1322.071519
1761.461177 -725.496759
1471.189833 1183.558213
-883.669086 1291.661460
4723.596197 47.363401
521.730098 1435.458167
4646.785364 2277.905616
-4418.441612 -508.188093
-681.039940 1600.385458
-4924.136089 37.385518
29.799063 -472.973639
2863.076684 -2592.224698
-1566.926480 1675.596423
-4051.258705 -2201.731114
-2752.134490 -2352.209604
-3822.693624 1284.556461
-2025.021002 1083.025922
-2310.460958 1436.324326
-648.141618 -2306.326466
-751.358541 -2289.136106
-4392.451390 1020.669736
4827.320811 -366.396470
-1894.459873 1882.151384
-1885.507075 2479.496612
-4883.173057 -2639.699850
-2859.577991 -1890.439652
-3626.251041 53.637301
3984.319927 1807.997593
-4019.708222 -1912.787442
-4665.861594 877.824760
-305.766239 1248.397476
-1607.287757 1166.859183
-1858.964980 3197.713126
-4539.608070 -1345.482489
4317.113881 -1301.066197
4684.797066 88.325401
2035.171583 968.150470
-3934.977213 326.314620
-2794.090931 944.629761
-173.209508 1133.481348
3953.530964 -2359.745105
4665.929546 -138.023231
-122.937078 1916.422271
2870.004612 2189.187816
4643.495911 1768.542292
-2504.597675 1592.276100
2353.030245 -345.054305
2341.358658 329.577001
99.926610 1762.494342
-69.407520 -1642.628745
-3868.002270 -2304.928370
-838.309025 -2493.734793
-1003.006983 714.555513
-1306.556018 -667.906071
1315.536795 -871.622933
-2969.901600 753.705077
-2172.449196 -972.361689
-4868.357031 -2706.185938
-2123.305180 650.229930
-2907.001869 -2685.901533
2964.691312 -1966.755567
336.008114 766.065307
2449.660789 -3190.579742
2496.684354 -768.977577
887.470738 -3184.610700
-3010.866176 -1868.545299
436.470672 -22.455977
-1585.347134 31.807734
1838.703188 1910.560453
2964.530712 3268.431938
-3331.074076 1948.903534
1755.419798 -1117.769861
-1860.058137 -2779.611481
549.555054 2169.800951
-2995.736035 -530.344763
-2902.435484 758.493678
3274.859028 -2241.407633
3039.177741 -5.103001
3681.879313 -2073.015431
352.890354 3187.349429
-2067.196656 -2316.637182
-2496.383982 2140.096381
3177.019347 -2386.184684
-899.993654 1269.075140
-1183.978997 2567.969775
-1309.399887 -2651.123711
703.842070 2815.499764
-2266.702325 1545.478502
-239.390095 702.626570
-287.526424 -2352.826107
-368.113185 -436.781053
-2466.459071 1194.006159
-1296.555960 15.600833
641.256928 2707.423236
893.663949 -1369.504222
-4601.864165 1050.207773
-4006.193580 -1771.986087
-1832.853629 11.458230
-4617.191450 3142.348449
4329.496154 -338.754975
3221.739875 2706.579899
3578.465652 -2222.743403
2205.093278 205.505262
2191.564612 -2658.285591
-862.565288 1225.684993
4896.967544 1457.072245
1717.727614 2084.369849
-2175.426046 -2423.829839
1206.684307 -2202.629809
695.937970 -2615.045500
1595.225307 2816.272518
-3112.650343 1904.687062
-1074.072956 80.294510
-3962.023191 -1753.089822
2173.505297 963.609209
1298.533514 928.361371
-2946.338430 -1219.957044
-4907.268467 624.153726
-1900.958919 -1863.827819
883.200116 1888.724896
-1792.317787 -341.014247
4554.374192 880.173711
2606.816969 -3123.705085
-3981.545407 -2467.049792
280.543987 2267.562822
1436.749100 -159.371472
-164.794237 1172.355107
-3580.279599 1200.756470
4207.439390 3227.290845
3731.171279 524.306679
4270.412213 2623.048998
4096.902072 2360.097701
1839.106502 802.709384
4652.118782 1446.389305
-122.496482 -1657.148129
1502.695422 2587.782081
-425.337972 -811.747829
761.130960 98.631993
-2063.323839 -394.908292
-2742.018060 -1204.998495
4370.986275 -1656.684118
-3879.085546 -2223.692640
4045.116154 2288.662995
2319.518404 2090.677297
1832.098024 -1280.739560
-193.639696 3008.021640
2490.838764 -564.677742
1989.194965 3231.205259
-1655.839562 -1430.175639
4504.776276 37.351755
-3395.757421 -347.487674
-2399.758426 364.291832
-2802.852560 -237.136021
2951.777151 -1985.476316
-3967.414710 2522.221161
1470.115853 -896.480781
-4048.882069 -2530.953606
4060.797297 2081.157795
-2531.125668 -2309.390116
-4767.211564 -2605.306493
-3866.289117 -1572.284655
-507.946118 122.724392
4454.719508 1549.818347
-1989.185749 221.706592
-337.543098 874.778431
4337.150975 -1438.114268
-1312.408118 -839.189417
-2861.558342 -1430.194853
-4499.168740 177.501420
-3338.563148 298.991108
2828.240368 1019.275716
3522.228083 -2608.328879
-185.685558 -2937.515310
699.615607 -969.620586
3547.649974 2096.032587
-4659.484438 1688.704646
634.572683 -2473.582773
-2829.339906 -1085.507405
1787.972763 -785.864002
-2019.328886 285.171805
-4796.468566 -1125.048233
4910.796305 -2074.011793
-47.292711 1092.572957
2276.411835 -1732.430006
-16.312915 -2664.496996
3957.118332 -2471.406855
816.821426 1240.359639
1363.914298 2649.848873
4709.194250 548.218646
3371.535599 2496.078844
-2466.273208 2598.122969
-1820.521293 2572.066372
-149.154769 -749.366564
2052.545867 -2526.357486
-2154.605143 752.800192
1741.849107 92.884902
3229.059587 -2654.217628
-3955.381824 1542.303189
2076.966534 1382.252495
1976.935924 333.131711
-2644.036804 1983.931943
-4007.711286 -2516.071101
-3541.859433 674.793712
3517.833192 -1250.988937
3020.982186 606.960372
3465.237528 -1525.325780
-4758.885224 -2669.142741
3733.186616 -2008.073287
1362.113139 2662.375177
4765.867113 686.338650
-2924.880363 2218.988935
-1756.597836 2845.277798
-1668.489009 -2798.806555
2242.153411 2829.308839
-2598.258754 1547.193969
-1356.038407 560.351838
-4924.067224 687.375598
2364.476226 -121.375116
-2876.493769 -2506.051436
-1087.782958 -2628.434712
-3747.855748 -1282.446102
1527.014659 840.037357
-1933.693040 3021.082039
570.866401 1221.321374
-3756.761169 2784.397878
-2221.180879 -1406.888255
1969.456367 -1389.652127
-2805.789846 -3108.111362
4247.698665 -1729.962777
456.888422 837.046126
2648.715361 1636.047053
3229.142665 -639.028056
3140.459057 1365.749702
3790.805106 -1544.825966
3748.013992 -751.743992
1083.067904 1061.955989
4211.204369 -919.051803
3423.538162 506.089896
-2496.744105 39.307793
2662.470717 -2947.022936
-1082.950279 2103.436365
-1807.887446 959.674621
3681.061380 -243.030373
-1134.592811 -1013.485164
837.303389 -1812.380918
2048.491230 2197.476336
-3807.067700 1706.438431
3096.559389 691.880964
373.848705 2322.428824
-1.693508 802.030571
-4067.850221 -3207.748507
-722.477170 -1119.354506
-3288.559713 -1962.750077
1150.209123 573.146823
-1685.304270 -2160.342439
-701.861059 2491.180014
-3070.642121 3250.825930
-1872.191098 2018.943177
-4862.297830 -1022.579605
-2843.263662 2266.294811
-308.200169 2852.612546
441.608007 -917.579354
-2314.696480 186.691058
-486.654562 -2338.826515
4766.538861 -168.958039
2342.897768 2654.552489
-1724.509937 -2676.338944
1725.520123 -630.684136
1266.526097 -572.393198
-648.236115 827.841661
3593.704203 -2667.002492
-1940.603237 916.510708
-4209.045876 2668.055876
-4480.562337 -945.397358
1060.254571 -1067.334159
-1599.291769 -2800.135443
4439.289880 -656.324876
518.931804 -2799.464030
4586.193408 1332.328063
2164.923382 -2388.519782
-1796.571782 -3289.976992
3483.857710 -1289.792073
2433.734668 -797.319534
-3285.500611 -485.309448
2326.361000 -3070.614998
2734.015222 -843.578616
2185.601000 -1183.020295
2560.476208 2451.885895
-2963.550251 2210.083126
-4398.776203 358.991795
361.534689 2454.906715
-3840.817742 1480.440422
-1714.225495 -191.986438
-523.385045 914.317200
4195.049045 -829.475189
2357.615628 -2302.321638
1257.212471 2440.330340
4119.329641 852.141796
-2180.512753 2172.428599
-1525.788608 2538.797547
485.265961 -510.909703
2496.355151 226.304363
-2383.124284 2376.950452
-3512.218215 -1260.915571
-421.488970 -1762.691054
2999.318014 3094.289838
200.910966 639.891662
572.579767 87.789541
-316.743784 1928.519449
-2830.866279 -2375.590558
145.135665 1236.939750
1864.690257 -393.866628
861.655210 1312.198242
4519.765188 2267.814822
4603.519582 -1302.326334
-1510.720615 -2598.840223
3761.059835 824.694540
-2145.538094 -2084.742346
-1820.038178 994.735021
-3175.990684 2403.209757
4237.828200 -790.326339
-3967.046856 -2840.966552
3018.566420 1021.729536
-1269.557470 735.775487
-2504.803573 505.488499
-1442.122842 2791.393383
-673.899655 2001.168503
-3892.921536 -2714.855806
-2029.858855 -634.537747
-2215.224358 544.551273
-1024.806659 71.208801
-2923.339796 724.525133
-464.468620 -559.195367
-981.317419 1886.997748
-3036.104407 -3067.811094
-2100.318551 -736.312943
-124.641841 2105.782034
-1858.163320 2808.365497
-1778.303222 -1830.773014
4748.194678 -13.114052
40.464088 2595.751825
-906.359322 -2637.235638
-1177.585291 344.056935
-4861.558623 2981.827782
-2488.514120 -2326.108281
-4304.932220 -432.077578
3028.466477 2775.079663
-1477.258208 -1749.942021
4782.355636 358.115029
-4762.730174 223.985832
1361.493687 -3039.119857
2642.855406 -351.528373
64.308131 2155.793727
1594.418281 2214.575975
1013.628383 -2729.406140
767.134863 -2300.664118
4362.814879 3002.195420
-3723.231229 -1269.659028
-2633.924994 -1381.083262
650.874731 -1256.615034
-1034.056418 2938.296932
-3763.525099 1404.861431
4389.128897 -1842.396398
-1790.563065 2507.328076
1466.081606 -108.967402
-3727.041507 -2889.093930
-4620.250940 -3279.364445
3611.811457 -2463.996919
4260.982363 -924.625854
498.958551 2797.975734
2023.934700 -1179.306211
3926.374899 -390.719862
349.919820 -763.500861
-4933.015827 1336.407728
-1933.990655 -979.166319
1908.481206 -166.331280
-2660.532464 52.835267
2237.434816 -836.587017
275.124835 -1294.540157
1184.893229 2327.090880
-4745.990181 382.291920
-1306.031704 -298.056885
-702.375937 3224.516086
2079.285245 3235.804559
3683.370128 -1339.615495
173.507092 3218.849791
-2733.168997 -1839.463708
4276.156737 2937.639432
2628.253064 -169.499819
4539.194986 -2671.964726
-4190.142766 -2536.370318
156.183389 -114.419673
-1035.351647 2708.748643
1574.381013 800.738230
1244.818309 -41.122839
4392.041838 -3215.801964
2339.010097 -1742.393075
-4584.527853 -2190.260620
2083.239443 2846.598487
1853.294345 2573.558387
174.595395 3078.594811
4021.077300 -107.598455
2469.114951 2494.258733
