807.012147 -52.065300 -0.460981
6821.910132 -459.506900 -0.460981
884.985364 -117.396018 -0.460981
6861.598565 -929.174806 -0.460981
925.062563 -194.263138 -0.460981
1100.184843 -230.038649 -0.460981
1178.157667 -333.637570 -0.460981
1344.500434 -485.827888 -0.460981
1473.520135 -652.213830 -0.460981
1613.799666 -858.957887 -0.460981
1719.330649 -1067.648871 -0.460981
1787.928273 -1289.653181 -0.460981
1839.545384 -1429.068315 -0.460981
1918.106380 -1614.406204 -0.460981
1879.796094 -1686.996495 -0.460981
1920.167127 -1853.378705 -0.460981
1889.836341 -1940.456957 -0.460981
1906.897756 -2116.831454 -0.460981
1848.428719 -2200.510380 -0.460981
1818.025906 -2340.033344 -0.460981
1769.246923 -2444.114306 -0.460981
1749.376136 -2614.658957 -0.460981
4112.903421 -6112.755543 -0.460981
1709.329153 -2746.450212 -0.460981
1647.269023 -2829.426792 -0.460981
3711.981918 -6401.274941 -0.460981
1580.299033 -2963.060686 -0.460981
3125.359285 -6434.563233 -0.460981
1432.517539 -3212.932194 -0.460981
1320.452875 -3301.132187 -0.460981
2745.358931 -6806.985841 -0.460981
1219.260131 -3347.799003 -0.460981
1094.048022 -3385.356144 -0.460981
2201.018059 -6786.472350 -0.460981
973.444656 -3438.123679 -0.460981
1562.471520 -5438.602791 -0.460981
880.843198 -3523.372794 -0.460981
1156.039475 -4676.705151 -0.460981
1741.090214 -7001.405329 -0.460981
837.530520 -3916.021079 -0.460981
647.247814 -3710.887464 -0.460981
1225.106118 -7127.890141 -0.460981
748.314941 -7258.654929 -0.460981
154.314363 -2376.441189 -0.460981
257.944842 -3740.200212 -0.460981
-115.673328 -1031.420508 -0.460981
-185.716329 -1671.446958 -0.460981
-271.281981 -1521.538069 -0.460981
-671.188143 -3724.011635 -0.460981
-788.466514 -3622.683985 -0.460981
-345.052101 -1346.816264 -0.460981
-781.124707 -2707.898985 -0.460981
-405.512353 -1216.537060 -0.460981
-933.178557 -2799.535670 -0.460981
-1170.772576 -3512.317728 -0.460981
-1248.199089 -3370.137540 -0.460981
-455.592218 -1118.271808 -0.460981
-1350.777249 -3324.990152 -0.460981
-1464.388387 -3238.154603 -0.460981
-505.008900 -1030.218156 -0.460981
-1550.418381 -3141.637245 -0.460981
-573.256256 -840.775842 -0.460981
-1877.209697 -2786.174392 -0.460981
-1933.365151 -2629.376605 -0.460981
-612.331900 -772.480244 -0.460981
-1983.881384 -2518.003296 -0.460981
-2081.975137 -2444.888234 -0.460981
-640.496036 -705.473894 -0.460981
-2101.355344 -2326.500559 -0.460981
-4971.915677 -5503.265444 -0.460981
-2117.398262 -2153.905129 -0.460981
-654.252704 -626.992175 -0.460981
-2148.017282 -2057.764455 -0.460981
-2159.840465 -1929.693530 -0.460981
-685.619034 -568.342094 -0.460981
-2134.961516 -1790.612885 -0.460981
-2139.293866 -1650.793692 -0.460981
-719.194819 -512.426309 -0.460981
-1519.522625 -1096.698938 -0.460981
-2069.162203 -1487.210333 -0.460981
-5549.429486 -3994.175362 -0.460981
-2049.504178 -1355.825841 -0.460981
-744.648044 -466.526486 -0.460981
-1579.980718 -987.487949 -0.460981
-2027.708222 -1269.252475 -0.460981
-5736.134326 -3567.595740 -0.460981
-1982.687944 -1141.547604 -0.460981
-766.746275 -401.204446 -0.460981
-1945.896335 -1024.155966 -0.460981
-6002.823175 -3159.380618 -0.460981
-780.119291 -345.734686 -0.460981
-1877.316208 -840.589347 -0.460981
-809.816101 -293.669575 -0.460981
-1717.644448 -624.597981 -0.460981
-855.657312 -234.179896 -0.460981
-1566.184017 -437.074609 -0.460981
-877.097979 -180.844944 -0.460981
-1427.503863 -296.920803 -0.460981
-901.288864 -127.454991 -0.460981
-1268.842038 -170.600610 -0.460981
-942.310837 -0.000000 -0.460981
-725.098130 58.341229 -0.460981
-960.775236 74.623319 -0.460981
-7425.832842 533.136717 -0.460981
-626.790219 95.208641 -0.460981
-1053.254702 156.037734 -0.460981
-6929.366379 1010.532597 -0.460981
-1102.028453 240.442572 -0.460981
-6373.804028 1356.128517 -0.460981
-6007.218418 1526.158193 -0.460981
-1158.362255 330.960644 -0.460981
-5875.949507 1701.777726 -0.460981
-5587.995814 1831.620850 -0.460981
-396.628188 146.126174 -0.460981
-1209.915384 449.703063 -0.460981
-5355.248037 1966.616511 -0.460981
-5169.092989 2109.227599 -0.460981
-352.455332 162.671692 -0.460981
-1273.454869 580.874151 -0.460981
-5023.434104 2262.014187 -0.460981
-4853.613475 2369.025625 -0.460981
-337.719783 182.368683 -0.460981
-1345.104023 713.489960 -0.460981
-4631.479375 2485.184055 -0.460981
-4523.599358 2613.010809 -0.460981
-1429.525741 907.438079 -0.460981
-4373.002042 2757.498103 -0.460981
-4132.451591 2781.977215 -0.460981
-1529.690766 1117.339342 -0.460981
-3981.585893 2885.981721 -0.460981
-3753.791799 2945.683842 -0.460981
-1685.773739 1421.913501 -0.460981
-3654.246699 3080.007932 -0.460981
-1863.993352 1798.590077 -0.460981
-3365.598618 3262.832248 -0.460981
-1948.660528 2000.394879 -0.460981
-3262.832248 3365.598618 -0.460981
-2128.601164 2375.670942 -0.460981
-3022.397553 3372.096443 -0.460981
-2215.777150 2638.789152 -0.460981
-2950.326477 3505.088720 -0.460981
-2494.784159 3204.309929 -0.460981
-2594.235863 3573.192792 -0.460981
-2074.136570 3879.855466 -0.460981
-2369.796841 4439.964197 -0.460981
-1925.129317 3947.733536 -0.460981
-1828.610058 4077.306211 -0.460981
-1696.534837 4191.439008 -0.460981
-1573.954636 4247.179177 -0.460981
-1420.699316 4287.022497 -0.460981
-1241.594432 4320.748623 -0.460981
-1134.066045 4435.458308 -0.460981
-996.277969 4547.114832 -0.460981
-809.871529 4530.218867 -0.460981
-674.643631 4696.557587 -0.460981
-522.035243 4750.520709 -0.460981
-342.449169 4820.630613 -0.460981
-187.576479 4930.581744 -0.460981
-26.707183 4914.121597 -0.460981
164.869187 5083.466597 -0.460981
332.297811 5122.924581 -0.460981
534.463255 5203.984322 -0.460981
717.018457 5305.936581 -0.460981
945.715664 5467.418680 -0.460981
1163.932438 5491.373554 -0.460981
1357.279549 5519.603500 -0.460981
1655.390934 5825.702710 -0.460981
1885.758839 5785.124574 -0.460981
2144.601789 5938.897261 -0.460981
2362.444064 5922.747091 -0.460981
3125.359285 6434.563233 -0.460981
5283.883482 4462.739428 -0.460981
4866.680232 3828.455116 -0.460981
4929.405025 3585.021837 -0.460981
5121.566288 3468.402486 -0.460981
5355.374965 3371.902756 -0.460981
5186.610767 3036.064839 -0.460981
5405.854211 2895.993328 -0.460981
5490.190532 2696.935700 -0.460981
5615.550359 2517.315678 -0.460981
6690.350662 3006.899174 -0.460981
5587.836568 2285.933142 -0.460981
377.395704 144.096541 -0.460981
5794.601310 2136.556907 -0.460981
5841.945233 1936.556431 -0.460981
382.414484 109.261281 -0.460981
5875.949507 1701.777726 -0.460981
6007.218418 1526.158193 -0.460981
440.312523 99.425408 -0.460981
6140.901179 1313.561750 -0.460981
6138.232657 1110.105906 -0.460981
489.942116 73.125689 -0.460981
6378.283634 906.387674 -0.460981
612.012400 47.077877 -0.460981
6329.530085 463.944614 -0.460981
6492.046887 236.689209 -0.460981
401.861004 110.858208 -0.460981
-395.637627 138.820220 -0.460981
469.942033 86.758529 -0.460981
-454.544312 137.084792 -0.460981
533.350300 75.119761 -0.460981
-526.208228 120.276166 -0.460981
612.349767 54.954466 -0.460981
-603.602070 101.906843 -0.460981
611.493020 -31.358616 -0.460981
686.192932 57.182744 -0.460981
-676.088340 97.747712 -0.460981
685.839412 -48.988529 -0.460981
-765.086985 51.005799 -0.460981
765.462933 -59.536006 -0.460981
-849.794005 26.556063 -0.460981
851.039227 -62.054944 -0.460981
-895.025148 -286.038965 -0.460981
922.407956 -175.257512 -0.460981
931.933401 -119.951824 -0.460981
-597.539073 -848.119975 -0.460981
-453.457563 -935.859227 -0.460981
-115.673328 -1031.420508 -0.460981
1026.413986 -213.029318 -0.460981
1035.543755 -154.847664 -0.460981
-1158.546555 -91.464202 -0.460981
-465.072249 -1051.467694 -0.460981
1126.972407 -274.128423 -0.460981
-1206.300303 437.684181 -0.460981
-1268.842038 -170.600610 -0.460981
-413.941904 -1199.370133 -0.460981
1224.602906 -362.056511 -0.460981
-1278.358749 594.324682 -0.460981
-1398.011113 -270.582796 -0.460981
-348.133744 -1370.074736 -0.460981
1340.310876 -473.050897 -0.460981
-1370.740586 774.766418 -0.460981
-1523.285361 -380.821340 -0.460981
-261.578558 -1545.691480 -0.460981
1456.094114 -608.695081 -0.460981
-1454.435475 961.192140 -0.460981
-1657.370945 -544.022524 -0.460981
-1454.435475 -961.192140 -0.460981
-151.249906 -1726.769761 -0.460981
1566.739438 -758.099728 -0.460981
-1550.736788 1159.681424 -0.460981
-1792.303185 -727.702045 -0.460981
-1611.239042 -1096.725735 -0.460981
1677.783784 -987.727550 -0.460981
-1671.986598 1395.745334 -0.460981
-1934.427490 -1003.575164 -0.460981
-1873.624577 -1103.840836 -0.460981
1794.691571 -1254.825001 -0.460981
