5264.662634 7523.950848
5372.501417 7306.827820
5480.340200 7089.704793
5588.178983 6872.581765
5696.017767 6655.458738
5803.856550 6438.335710
5911.695333 6221.212683
6019.534117 6004.089655
6127.372900 5786.966628
6235.211683 5569.843600
6343.050466 5352.720573
6450.889250 5135.597545
6558.728033 4918.474518
6666.566816 4701.351490
6774.405600 4484.228463
6882.244383 4267.105436
6990.083166 4049.982408
7097.921949 3832.859381
7205.760733 3615.736353
7313.599516 3398.613326
7421.438299 3181.490298
7529.277082 2964.367271
7637.115866 2747.244243
7744.954649 2530.121216
7852.793432 2312.998188
7960.632216 2095.875161
8068.470999 1878.752133
8176.309782 1661.629106
8284.148565 1444.506078
8391.987349 1227.383051
8499.826132 1010.260023
8607.664915 793.136996
8715.503698 576.013968
8823.342482 358.890941
8931.181265 141.767913
9039.020048 -75.355114
9146.858832 -292.478142
9254.697615 -509.601169
9362.536398 -726.724197
9470.375181 -943.847224
9578.213965 -1160.970252
9686.052748 -1378.093279
9793.891531 -1595.216307
9901.730315 -1812.339334
10009.569098 -2029.462362
10117.407881 -2246.585389
10225.246664 -2463.708417
10333.085448 -2680.831444
10440.924231 -2897.954472
10548.763014 -3115.077499
-10748.960301 -429.556586
-10641.121518 -646.679613
-10533.282735 -863.802641
-10425.443951 -1080.925668
-10317.605168 -1298.048696
-10209.766385 -1515.171723
-10101.927602 -1732.294751
-9994.088818 -1949.417778
-9886.250035 -2166.540806
-9778.411252 -2383.663833
-9670.572469 -2600.786861
-9562.733685 -2817.909888
-9454.894902 -3035.032916
-9347.056119 -3252.155943
-9239.217335 -3469.278971
-9131.378552 -3686.401998
-9023.539769 -3903.525026
-8915.700986 -4120.648053
-8807.862202 -4337.771081
-8700.023419 -4554.894108
-8592.184636 -4772.017136
-8484.345853 -4989.140163
-8376.507069 -5206.263191
-8268.668286 -5423.386218
-8160.829503 -5640.509245
-8052.990719 -5857.632273
-7945.151936 -6074.755300
-7837.313153 -6291.878328
-7729.474370 -6509.001355
-7621.635586 -6726.124383
-7513.796803 -6943.247410
-7405.958020 -7160.370438
-7298.119236 -7377.493465
-7190.280453 -7594.616493
-7082.441670 -7811.739520
-6974.602887 -8028.862548
-6866.764103 -8245.985575
-6758.925320 -8463.108603
-6651.086537 -8680.231630
-6543.247754 -8897.354658
-6435.408970 -9114.477685
-6327.570187 -9331.600713
-6219.731404 -9548.723740
-6111.892620 -9765.846768
-6004.053837 -9982.969795
-5896.215054 -10200.092823
-5788.376271 -10417.215850
-5680.537487 -10634.338878
-5572.698704 -10851.461905
-5464.859921 -11068.584933
5264.662634 7523.950848
4937.854002 7361.634370
4611.045371 7199.317891
4284.236740 7037.001413
3957.428108 6874.684935
3630.619477 6712.368457
3303.810846 6550.051978
2977.002214 6387.735500
2650.193583 6225.419022
2323.384952 6063.102544
1996.576320 5900.786065
1669.767689 5738.469587
1342.959058 5576.153109
1016.150426 5413.836631
689.341795 5251.520153
362.533164 5089.203674
35.724532 4926.887196
-291.084099 4764.570718
-617.892730 4602.254240
-944.701362 4439.937761
-1271.509993 4277.621283
-1598.318624 4115.304805
-1925.127256 3952.988327
-2251.935887 3790.671848
-2578.744518 3628.355370
-2905.553149 3466.038892
-3232.361781 3303.722414
-3559.170412 3141.405935
-3885.979043 2979.089457
-4212.787675 2816.772979
-4539.596306 2654.456501
-4866.404937 2492.140023
-5193.213569 2329.823544
-5520.022200 2167.507066
-5846.830831 2005.190588
-6173.639463 1842.874110
-6500.448094 1680.557631
-6827.256725 1518.241153
-7154.065357 1355.924675
-7480.873988 1193.608197
-7807.682619 1031.291718
-8134.491251 868.975240
-8461.299882 706.658762
-8788.108513 544.342284
-9114.917145 382.025805
-9441.725776 219.709327
-9768.534407 57.392849
-10095.343039 -104.923629
-10422.151670 -267.240107
-10748.960301 -429.556586
10548.763014 -3115.077499
10221.954383 -3277.393977
9895.145752 -3439.710456
9568.337120 -3602.026934
9241.528489 -3764.343412
8914.719858 -3926.659890
8587.911226 -4088.976369
8261.102595 -4251.292847
7934.293964 -4413.609325
7607.485332 -4575.925803
7280.676701 -4738.242282
6953.868070 -4900.558760
6627.059438 -5062.875238
6300.250807 -5225.191716
5973.442176 -5387.508194
5646.633544 -5549.824673
5319.824913 -5712.141151
4993.016282 -5874.457629
4666.207650 -6036.774107
4339.399019 -6199.090586
4012.590388 -6361.407064
3685.781756 -6523.723542
3358.973125 -6686.040020
3032.164494 -6848.356499
2705.355862 -7010.672977
2378.547231 -7172.989455
2051.738600 -7335.305933
1724.929968 -7497.622412
1398.121337 -7659.938890
1071.312706 -7822.255368
744.504074 -7984.571846
417.695443 -8146.888324
90.886812 -8309.204803
-235.921820 -8471.521281
-562.730451 -8633.837759
-889.539082 -8796.154237
-1216.347714 -8958.470716
-1543.156345 -9120.787194
-1869.964976 -9283.103672
-2196.773608 -9445.420150
-2523.582239 -9607.736629
-2850.390870 -9770.053107
-3177.199502 -9932.369585
-3504.008133 -10094.686063
-3830.816764 -10257.002542
-4157.625395 -10419.319020
-4484.434027 -10581.635498
-4811.242658 -10743.951976
-5138.051289 -10906.268455
-5464.859921 -11068.584933
6596.980091 3438.665247
6627.627766 3376.959098
6658.275441 3315.252949
6688.923117 3253.546801
6719.570792 3191.840652
6750.218467 3130.134503
6780.866142 3068.428354
6811.513817 3006.722206
6842.161492 2945.016057
6872.809167 2883.309908
6903.456842 2821.603759
6934.104517 2759.897611
6964.752192 2698.191462
6995.399867 2636.485313
7026.047542 2574.779165
7056.695218 2513.073016
7087.342893 2451.366867
7117.990568 2389.660718
7148.638243 2327.954570
7179.285918 2266.248421
7209.933593 2204.542272
7240.581268 2142.836123
7271.228943 2081.129975
7301.876618 2019.423826
7332.524293 1957.717677
7363.171968 1896.011528
7393.819644 1834.305380
7424.467319 1772.599231
7455.114994 1710.893082
7485.762669 1649.186934
7516.410344 1587.480785
7547.058019 1525.774636
7577.705694 1464.068487
7608.353369 1402.362339
7639.001044 1340.656190
7669.648719 1278.950041
7700.296394 1217.243892
7730.944069 1155.537744
7761.591745 1093.831595
7792.239420 1032.125446
7822.887095 970.419297
7853.534770 908.713149
7884.182445 847.007000
7914.830120 785.300851
7945.477795 723.594703
7976.125470 661.888554
8006.773145 600.182405
8037.420820 538.476256
8068.068495 476.770108
8098.716170 415.063959
7155.844784 3716.237318
7144.439382 3710.572582
7133.033981 3704.907846
7121.628579 3699.243110
7110.223177 3693.578374
7098.817775 3687.913638
7087.412373 3682.248901
7076.006971 3676.584165
7064.601569 3670.919429
7053.196167 3665.254693
7041.790765 3659.589957
7030.385363 3653.925221
7018.979962 3648.260484
7007.574560 3642.595748
6996.169158 3636.931012
6984.763756 3631.266276
6973.358354 3625.601540
6961.952952 3619.936804
6950.547550 3614.272068
6939.142148 3608.607331
6927.736746 3602.942595
6916.331344 3597.277859
6904.925943 3591.613123
6893.520541 3585.948387
6882.115139 3580.283651
6870.709737 3574.618914
6859.304335 3568.954178
6847.898933 3563.289442
6836.493531 3557.624706
6825.088129 3551.959970
6813.682727 3546.295234
6802.277325 3540.630498
6790.871924 3534.965761
6779.466522 3529.301025
6768.061120 3523.636289
6756.655718 3517.971553
6745.250316 3512.306817
6733.844914 3506.642081
6722.439512 3500.977345
6711.034110 3495.312608
6699.628708 3489.647872
6688.223306 3483.983136
6676.817905 3478.318400
6665.412503 3472.653664
6654.007101 3466.988928
6642.601699 3461.324191
6631.196297 3455.659455
6619.790895 3449.994719
6608.385493 3444.329983
6596.980091 3438.665247
8657.580864 692.636030
8646.175462 686.971294
8634.770060 681.306558
8623.364658 675.641822
8611.959256 669.977086
8600.553854 664.312350
8589.148452 658.647613
8577.743050 652.982877
8566.337648 647.318141
8554.932246 641.653405
8543.526845 635.988669
8532.121443 630.323933
8520.716041 624.659197
8509.310639 618.994460
8497.905237 613.329724
8486.499835 607.664988
8475.094433 602.000252
8463.689031 596.335516
8452.283629 590.670780
8440.878227 585.006043
8429.472826 579.341307
8418.067424 573.676571
8406.662022 568.011835
8395.256620 562.347099
8383.851218 556.682363
8372.445816 551.017627
8361.040414 545.352890
8349.635012 539.688154
8338.229610 534.023418
8326.824208 528.358682
8315.418807 522.693946
8304.013405 517.029210
8292.608003 511.364473
8281.202601 505.699737
8269.797199 500.035001
8258.391797 494.370265
8246.986395 488.705529
8235.580993 483.040793
8224.175591 477.376057
8212.770189 471.711320
8201.364788 466.046584
8189.959386 460.381848
8178.553984 454.717112
8167.148582 449.052376
8155.743180 443.387640
8144.337778 437.722903
8132.932376 432.058167
8121.526974 426.393431
8110.121572 420.728695
8098.716170 415.063959
-8298.913458 -3959.698044
-8268.265783 -4021.404192
-8237.618107 -4083.110341
-8206.970432 -4144.816490
-8176.322757 -4206.522639
-8145.675082 -4268.228787
-8115.027407 -4329.934936
-8084.379732 -4391.641085
-8053.732057 -4453.347234
-8023.084382 -4515.053382
-7992.436707 -4576.759531
-7961.789032 -4638.465680
-7931.141357 -4700.171829
-7900.493682 -4761.877977
-7869.846006 -4823.584126
-7839.198331 -4885.290275
-7808.550656 -4946.996423
-7777.902981 -5008.702572
-7747.255306 -5070.408721
-7716.607631 -5132.114870
-7685.959956 -5193.821018
-7655.312281 -5255.527167
-7624.664606 -5317.233316
-7594.016931 -5378.939465
-7563.369256 -5440.645613
-7532.721580 -5502.351762
-7502.073905 -5564.057911
-7471.426230 -5625.764060
-7440.778555 -5687.470208
-7410.130880 -5749.176357
-7379.483205 -5810.882506
-7348.835530 -5872.588654
-7318.187855 -5934.294803
-7287.540180 -5996.000952
-7256.892505 -6057.707101
-7226.244830 -6119.413249
-7195.597155 -6181.119398
-7164.949479 -6242.825547
-7134.301804 -6304.531696
-7103.654129 -6366.237844
-7073.006454 -6427.943993
-7042.358779 -6489.650142
-7011.711104 -6551.356291
-6981.063429 -6613.062439
-6950.415754 -6674.768588
-6919.768079 -6736.474737
-6889.120404 -6798.180886
-6858.472729 -6859.887034
-6827.825054 -6921.593183
-6797.177378 -6983.299332
-8857.778151 -4237.270115
-8846.372749 -4231.605379
-8834.967347 -4225.940643
-8823.561945 -4220.275907
-8812.156543 -4214.611171
-8800.751141 -4208.946434
-8789.345739 -4203.281698
-8777.940337 -4197.616962
-8766.534935 -4191.952226
-8755.129534 -4186.287490
-8743.724132 -4180.622754
-8732.318730 -4174.958018
-8720.913328 -4169.293281
-8709.507926 -4163.628545
-8698.102524 -4157.963809
-8686.697122 -4152.299073
-8675.291720 -4146.634337
-8663.886318 -4140.969601
-8652.480916 -4135.304865
-8641.075515 -4129.640128
-8629.670113 -4123.975392
-8618.264711 -4118.310656
-8606.859309 -4112.645920
-8595.453907 -4106.981184
-8584.048505 -4101.316448
-8572.643103 -4095.651711
-8561.237701 -4089.986975
-8549.832299 -4084.322239
-8538.426897 -4078.657503
-8527.021496 -4072.992767
-8515.616094 -4067.328031
-8504.210692 -4061.663295
-8492.805290 -4055.998558
-8481.399888 -4050.333822
-8469.994486 -4044.669086
-8458.589084 -4039.004350
-8447.183682 -4033.339614
-8435.778280 -4027.674878
-8424.372878 -4022.010141
-8412.967477 -4016.345405
-8401.562075 -4010.680669
-8390.156673 -4005.015933
-8378.751271 -3999.351197
-8367.345869 -3993.686461
-8355.940467 -3988.021725
-8344.535065 -3982.356988
-8333.129663 -3976.692252
-8321.724261 -3971.027516
-8310.318860 -3965.362780
-8298.913458 -3959.698044
-7356.042071 -7260.871403
-7344.636670 -7255.206667
-7333.231268 -7249.541931
-7321.825866 -7243.877195
-7310.420464 -7238.212459
-7299.015062 -7232.547722
-7287.609660 -7226.882986
-7276.204258 -7221.218250
-7264.798856 -7215.553514
-7253.393454 -7209.888778
-7241.988052 -7204.224042
-7230.582651 -7198.559306
-7219.177249 -7192.894569
-7207.771847 -7187.229833
-7196.366445 -7181.565097
-7184.961043 -7175.900361
-7173.555641 -7170.235625
-7162.150239 -7164.570889
-7150.744837 -7158.906152
-7139.339435 -7153.241416
-7127.934033 -7147.576680
-7116.528632 -7141.911944
-7105.123230 -7136.247208
-7093.717828 -7130.582472
-7082.312426 -7124.917736
-7070.907024 -7119.252999
-7059.501622 -7113.588263
-7048.096220 -7107.923527
-7036.690818 -7102.258791
-7025.285416 -7096.594055
-7013.880015 -7090.929319
-7002.474613 -7085.264582
-6991.069211 -7079.599846
-6979.663809 -7073.935110
-6968.258407 -7068.270374
-6956.853005 -7062.605638
-6945.447603 -7056.940902
-6934.042201 -7051.276166
-6922.636799 -7045.611429
-6911.231397 -7039.946693
-6899.825996 -7034.281957
-6888.420594 -7028.617221
-6877.015192 -7022.952485
-6865.609790 -7017.287749
-6854.204388 -7011.623012
-6842.798986 -7005.958276
-6831.393584 -7000.293540
-6819.988182 -6994.628804
-6808.582780 -6988.964068
-6797.177378 -6983.299332
2541.951547 -7091.831216
2434.112763 -6874.708188
2326.273980 -6657.585161
2218.435197 -6440.462133
2110.596414 -6223.339106
2002.757630 -6006.216078
1894.918847 -5789.093051
1787.080064 -5571.970024
1679.241280 -5354.846996
1571.402497 -5137.723969
1463.563714 -4920.600941
1355.724931 -4703.477914
1247.886147 -4486.354886
1140.047364 -4269.231859
1032.208581 -4052.108831
924.369798 -3834.985804
816.531014 -3617.862776
708.692231 -3400.739749
600.853448 -3183.616721
493.014664 -2966.493694
385.175881 -2749.370666
277.337098 -2532.247639
169.498315 -2315.124611
61.659531 -2098.001584
-46.179252 -1880.878556
-154.018035 -1663.755529
-261.856818 -1446.632501
-369.695602 -1229.509474
-477.534385 -1012.386446
-585.373168 -795.263419
-693.211952 -578.140391
-801.050735 -361.017364
-908.889518 -143.894336
-1016.728301 73.228691
-1124.567085 290.351719
-1232.405868 507.474746
-1340.244651 724.597774
-1448.083435 941.720801
-1555.922218 1158.843829
-1663.761001 1375.966856
-1771.599784 1593.089884
-1879.438568 1810.212911
-1987.277351 2027.335939
-2095.116134 2244.458966
-2202.954917 2461.581994
-2310.793701 2678.705021
-2418.632484 2895.828049
-2526.471267 3112.951076
-2634.310051 3330.074104
-2742.148834 3547.197131
4585.647551 4116.192858
4643.556769 3999.598213
4701.465987 3883.003567
4759.375205 3766.408922
4817.284423 3649.814276
4875.193640 3533.219631
4933.102858 3416.624986
4991.012076 3300.030340
5048.921294 3183.435695
5106.830512 3066.841050
5164.739730 2950.246404
5222.648947 2833.651759
5280.558165 2717.057113
5338.467383 2600.462468
5396.376601 2483.867823
5454.285819 2367.273177
5512.195037 2250.678532
5570.104254 2134.083887
5628.013472 2017.489241
5685.922690 1900.894596
5743.831908 1784.299951
5801.741126 1667.705305
5859.650343 1551.110660
5917.559561 1434.516014
5975.468779 1317.921369
6033.377997 1201.326724
6091.287215 1084.732078
6149.196433 968.137433
6207.105650 851.542788
6265.014868 734.948142
6322.924086 618.353497
6380.833304 501.758851
6438.742522 385.164206
6496.651740 268.569561
6554.560957 151.974915
6612.470175 35.380270
6670.379393 -81.214375
6728.288611 -197.809021
6786.197829 -314.403666
6844.107046 -430.998312
6902.016264 -547.592957
6959.925482 -664.187602
7017.834700 -780.782248
7075.743918 -897.376893
7133.653136 -1013.971538
7191.562353 -1130.566184
7249.471571 -1247.160829
7307.380789 -1363.755475
7365.290007 -1480.350120
7423.199225 -1596.944765
6487.936987 5061.005486
6449.114754 5041.723596
6410.292520 5022.441705
6371.470287 5003.159815
6332.648054 4983.877924
6293.825820 4964.596034
6255.003587 4945.314144
6216.181354 4926.032253
6177.359120 4906.750363
6138.536887 4887.468473
6099.714653 4868.186582
6060.892420 4848.904692
6022.070187 4829.622802
5983.247953 4810.340911
5944.425720 4791.059021
5905.603486 4771.777130
5866.781253 4752.495240
5827.959020 4733.213350
5789.136786 4713.931459
5750.314553 4694.649569
5711.492320 4675.367679
5672.670086 4656.085788
5633.847853 4636.803898
5595.025619 4617.522007
5556.203386 4598.240117
5517.381153 4578.958227
5478.558919 4559.676336
5439.736686 4540.394446
5400.914452 4521.112556
5362.092219 4501.830665
5323.269986 4482.548775
5284.447752 4463.266885
5245.625519 4443.984994
5206.803286 4424.703104
5167.981052 4405.421213
5129.158819 4386.139323
5090.336585 4366.857433
5051.514352 4347.575542
5012.692119 4328.293652
4973.869885 4309.011762
4935.047652 4289.729871
4896.225418 4270.447981
4857.403185 4251.166090
4818.580952 4231.884200
4779.758718 4212.602310
4740.936485 4193.320419
4702.114252 4174.038529
4663.292018 4154.756639
4624.469785 4135.474748
4585.647551 4116.192858
9325.488661 -652.132137
9286.666427 -671.414028
9247.844194 -690.695918
9209.021960 -709.977808
9170.199727 -729.259699
9131.377494 -748.541589
9092.555260 -767.823479
9053.733027 -787.105370
9014.910793 -806.387260
8976.088560 -825.669151
8937.266327 -844.951041
8898.444093 -864.232931
8859.621860 -883.514822
8820.799627 -902.796712
8781.977393 -922.078602
8743.155160 -941.360493
8704.332926 -960.642383
8665.510693 -979.924273
8626.688460 -999.206164
8587.866226 -1018.488054
8549.043993 -1037.769945
8510.221759 -1057.051835
8471.399526 -1076.333725
8432.577293 -1095.615616
8393.755059 -1114.897506
8354.932826 -1134.179396
8316.110593 -1153.461287
8277.288359 -1172.743177
8238.466126 -1192.025068
8199.643892 -1211.306958
8160.821659 -1230.588848
8121.999426 -1249.870739
8083.177192 -1269.152629
8044.354959 -1288.434519
8005.532725 -1307.716410
7966.710492 -1326.998300
7927.888259 -1346.280190
7889.066025 -1365.562081
7850.243792 -1384.843971
7811.421559 -1404.125862
7772.599325 -1423.407752
7733.777092 -1442.689642
7694.954858 -1461.971533
7656.132625 -1481.253423
7617.310392 -1500.535313
7578.488158 -1519.817204
7539.665925 -1539.099094
7500.843691 -1558.380985
7462.021458 -1577.662875
7423.199225 -1596.944765
-7623.396512 -1947.689320
-7565.487294 -2064.283965
-7507.578076 -2180.878610
-7449.668858 -2297.473256
-7391.759641 -2414.067901
-7333.850423 -2530.662546
-7275.941205 -2647.257192
-7218.031987 -2763.851837
-7160.122769 -2880.446483
-7102.213551 -2997.041128
-7044.304334 -3113.635773
-6986.395116 -3230.230419
-6928.485898 -3346.825064
-6870.576680 -3463.419709
-6812.667462 -3580.014355
-6754.758244 -3696.609000
-6696.849027 -3813.203646
-6638.939809 -3929.798291
-6581.030591 -4046.392936
-6523.121373 -4162.987582
-6465.212155 -4279.582227
-6407.302938 -4396.176872
-6349.393720 -4512.771518
-6291.484502 -4629.366163
-6233.575284 -4745.960809
-6175.666066 -4862.555454
-6117.756848 -4979.150099
-6059.847631 -5095.744745
-6001.938413 -5212.339390
-5944.029195 -5328.934035
-5886.119977 -5445.528681
-5828.210759 -5562.123326
-5770.301541 -5678.717971
-5712.392324 -5795.312617
-5654.483106 -5911.907262
-5596.573888 -6028.501908
-5538.664670 -6145.096553
-5480.755452 -6261.691198
-5422.846235 -6378.285844
-5364.937017 -6494.880489
-5307.027799 -6611.475134
-5249.118581 -6728.069780
-5191.209363 -6844.664425
-5133.300145 -6961.259071
-5075.390928 -7077.853716
-5017.481710 -7194.448361
-4959.572492 -7311.043007
-4901.663274 -7427.637652
-4843.754056 -7544.232297
-4785.844838 -7660.826943
-9525.685948 -2892.501948
-9486.863714 -2873.220057
-9448.041481 -2853.938167
-9409.219248 -2834.656277
-9370.397014 -2815.374386
-9331.574781 -2796.092496
-9292.752547 -2776.810605
-9253.930314 -2757.528715
-9215.108081 -2738.246825
-9176.285847 -2718.964934
-9137.463614 -2699.683044
-9098.641380 -2680.401154
-9059.819147 -2661.119263
-9020.996914 -2641.837373
-8982.174680 -2622.555483
-8943.352447 -2603.273592
-8904.530214 -2583.991702
-8865.707980 -2564.709811
-8826.885747 -2545.427921
-8788.063513 -2526.146031
-8749.241280 -2506.864140
-8710.419047 -2487.582250
-8671.596813 -2468.300360
-8632.774580 -2449.018469
-8593.952346 -2429.736579
-8555.130113 -2410.454688
-8516.307880 -2391.172798
-8477.485646 -2371.890908
-8438.663413 -2352.609017
-8399.841180 -2333.327127
-8361.018946 -2314.045237
-8322.196713 -2294.763346
-8283.374479 -2275.481456
-8244.552246 -2256.199566
-8205.730013 -2236.917675
-8166.907779 -2217.635785
-8128.085546 -2198.353894
-8089.263312 -2179.072004
-8050.441079 -2159.790114
-8011.618846 -2140.508223
-7972.796612 -2121.226333
-7933.974379 -2101.944443
-7895.152146 -2082.662552
-7856.329912 -2063.380662
-7817.507679 -2044.098771
-7778.685445 -2024.816881
-7739.863212 -2005.534991
-7701.040979 -1986.253100
-7662.218745 -1966.971210
-7623.396512 -1947.689320
-6688.134274 -8605.639571
-6649.312041 -8586.357680
-6610.489808 -8567.075790
-6571.667574 -8547.793900
-6532.845341 -8528.512009
-6494.023107 -8509.230119
-6455.200874 -8489.948229
-6416.378641 -8470.666338
-6377.556407 -8451.384448
-6338.734174 -8432.102558
-6299.911941 -8412.820667
-6261.089707 -8393.538777
-6222.267474 -8374.256886
-6183.445240 -8354.974996
-6144.623007 -8335.693106
-6105.800774 -8316.411215
-6066.978540 -8297.129325
-6028.156307 -8277.847435
-5989.334073 -8258.565544
-5950.511840 -8239.283654
-5911.689607 -8220.001763
-5872.867373 -8200.719873
-5834.045140 -8181.437983
-5795.222907 -8162.156092
-5756.400673 -8142.874202
-5717.578440 -8123.592312
-5678.756206 -8104.310421
-5639.933973 -8085.028531
-5601.111740 -8065.746641
-5562.289506 -8046.464750
-5523.467273 -8027.182860
-5484.645039 -8007.900969
-5445.822806 -7988.619079
-5407.000573 -7969.337189
-5368.178339 -7950.055298
-5329.356106 -7930.773408
-5290.533873 -7911.491518
-5251.711639 -7892.209627
-5212.889406 -7872.927737
-5174.067172 -7853.645846
-5135.244939 -7834.363956
-5096.422706 -7815.082066
-5057.600472 -7795.800175
-5018.778239 -7776.518285
-4979.956005 -7757.236395
-4941.133772 -7737.954504
-4902.311539 -7718.672614
-4863.489305 -7699.390724
-4824.667072 -7680.108833
-4785.844838 -7660.826943
1634.262699 -910.909484
1509.869263 -696.196422
1359.040198 -499.153231
1184.252114 -323.015355
988.375026 -170.674972
774.625230 -44.633508
546.512493 53.039440
307.782418 120.740085
62.354948 157.356785
-185.740006 162.288294
-432.428731 135.453636
-673.660605 77.293437
-905.474608 -11.237315
-1124.064359 -128.684948
-1325.840622 -273.120974
-1507.490235 -442.173758
-1666.030518 -633.067458
-1798.858242 -842.667605
-1903.792381 -1067.532570
-1979.109918 -1303.970076
-2023.574142 -1548.097827
-2036.454952 -1795.907251
-2017.540844 -2043.329324
-1967.142389 -2286.301383
-1886.087127 -2520.833834
-1775.705983 -2743.075659
-1637.811414 -2949.377655
-1474.667643 -3136.352349
-1288.953487 -3300.929620
-1083.718367 -3440.407115
-862.332239 -3552.494617
-628.430256 -3635.351652
-385.853083 -3687.617711
-138.583830 -3708.434585
109.317349 -3697.460464
353.779923 -3654.875540
590.789824 -3581.379058
816.455355 -3478.177828
1027.071095 -3346.966410
1219.178738 -3189.899294
1389.623884 -3009.555516
1535.607827 -2808.896317
1654.733515 -2591.216514
1745.044907 -2360.090405
1805.059094 -2119.313074
1833.790643 -1872.838077
1830.767783 -1624.712528
1796.040150 -1379.010641
1730.177970 -1139.766834
1634.262699 -910.909484
