-8006.284267 5965.907689
-4038.746438 5736.102760
-6667.378127 -3390.595951
-4080.286412 5100.580214
4921.091227 2458.483975
4396.141010 -428.782559
-6592.434436 -2476.943144
-9327.078128 -5108.062158
3430.498179 -3031.894119
6486.859864 2055.972387
-7559.879158 3033.982188
5915.570292 -6160.550412
-7226.685212 -4269.205227
2518.961866 -613.074332
-2768.388584 -3695.649866
6161.923850 5742.679586
-46.269324 -5193.852364
-4579.901805 -5116.822661
-8151.945125 3662.793125
4228.548695 1648.307324
-4851.450610 2930.832559
4254.286336 526.641334
-6551.123556 2036.454961
5993.014541 -2684.734141
-2305.639953 1866.308414
2439.725863 -369.832627
-2883.483118 6038.104734
-2397.772663 -3525.577229
39.762194 -2646.930045
7472.684825 -6201.923767
8479.564959 -3071.842850
4494.118318 6269.720377
917.598483 -4638.631333
522.627326 5889.006075
8668.918426 -2123.287195
1957.563002 5980.472836
-5775.297937 -2425.996401
7197.901182 2377.861961
3230.082213 -4034.514248
-4808.256656 -5376.519128
-990.255562 -6031.680304
-2315.793681 3473.484411
6570.699298 -2340.075395
9002.538154 4455.935057
-1941.315256 3929.941429
-709.249507 -1174.206146
9420.659251 1325.671920
82.141668 -203.776745
-4984.704053 -4439.874801
-4491.823020 -1280.329110
-3650.666556 4483.667638
2127.314740 -3535.552008
7656.407192 -5492.846698
-3054.512745 -5791.261487
4307.569468 -676.030506
-882.986129 5279.654642
-6746.453673 5266.461336
-6726.316283 -1117.005696
6219.653378 1922.176328
3811.217487 5297.577351
2961.060886 -3632.226393
2708.748509 4258.422258
-1891.601319 3041.743663
-482.390113 -5481.393506
-1980.990557 3896.516832
-7158.484233 -3145.312536
-4617.308140 -1307.908768
9307.239788 543.231730
-5386.939296 -1653.529089
1730.236849 -5493.205465
-2469.488460 2966.183473
9343.629240 -1625.542590
6533.796244 3523.600775
5111.711857 -3244.961851
4639.914226 1843.204607
-6262.911898 3399.541554
13.983980 -6189.657150
4571.261091 -6280.219591
-1948.938895 -3515.422509
3788.679976 4104.359291
7852.294676 -4019.703315
-2848.761360 -4085.442675
2132.826616 -6067.910805
2133.465789 3858.545604
3538.643405 584.165060
1215.928923 2751.417055
3722.336223 -3678.543773
-5128.588376 5879.243917
-3743.161158 -1889.725576
4658.271247 -5744.775932
-4433.073675 6051.170215
263.864955 -2331.613561
-6862.164355 5562.795026
617.237085 578.639612
-6100.320847 -3446.973296
-675.828707 3821.973134
292.229279 -78.333634
1626.544972 2862.697632
3194.358159 -6130.201344
9048.729536 3486.940361
-7400.104049 -5976.582731
-1421.631048 642.912866
8007.777763 2401.384544
-898.081382 -3617.066918
5292.503384 -1338.903368
2899.446260 4639.579793
-4900.164634 -1600.575881
-8652.345335 5948.472460
5654.165264 1688.005226
7750.428251 1421.099913
-8014.876398 2812.615800
-5469.454008 -4596.650427
3097.934069 -5573.641439
-8499.885567 253.231972
9070.552890 -2575.984608
-6732.107190 5841.373887
-7491.936858 -3940.775500
1073.400093 -3403.476531
4395.315295 -5985.985306
8170.647572 5740.472616
7617.668179 -6166.378722
7743.303443 -3457.869091
-628.581699 5094.887953
3959.848423 5736.187411
-6194.169123 5484.168908
-8870.955175 -5547.640870
4693.661569 -4218.768772
6471.910359 2952.951563
7530.336186 -488.282253
1623.297200 -1354.171555
7239.522927 -2597.275979
7538.909328 -3754.678260
-8340.174673 2256.034467
-4069.951285 -1482.253253
-8868.501908 731.891655
-8003.323157 1120.065830
-8014.968772 -2117.650948
-4363.603397 -4142.334560
3738.427644 -5445.012540
-6374.710403 2101.820333
1367.410739 600.763959
-9370.085364 -696.065854
3143.347316 54.180464
-5194.357179 3717.361471
4316.915610 4107.209143
-6452.281463 5087.238860
2965.944448 6059.324516
-3240.343534 -3356.809396
4322.254686 5632.860606
1729.054402 -5155.150797
6590.703178 2217.129018
-1795.130817 2264.821317
-6245.144139 -2030.442980
2052.081512 865.724070
-1263.605440 -2628.990124
5933.625882 -590.916652
5332.820303 -5007.196396
-7812.360618 -778.098111
1289.993489 -4269.170245
-7029.781199 3349.804948
-2828.387492 1406.155907
-7186.302461 -6257.893346
-3124.616780 -4078.521067
-8423.505139 3760.807206
1167.081204 -3540.661787
7338.640332 -5932.536383
-7352.150911 4144.749246
-3720.261289 5255.044140
4430.705793 -304.486254
-7480.822031 1339.645522
1370.444855 5849.759796
4031.917171 -5491.879473
573.509564 -1183.838134
3578.569340 -490.435734
-1587.260672 -6133.810796
-1167.064860 5311.745816
7826.875303 -6143.027049
40.504265 -2241.304863
553.478501 -5658.397029
4248.052679 -4321.942948
3413.281211 3052.406597
-4800.132752 -636.719402
6132.679998 6194.000390
1646.575288 2195.622981
-6766.365354 -5326.627565
7950.252642 316.758646
4530.055122 -783.635049
-2254.137611 5683.494952
8105.313843 -378.449460
8578.402955 -3920.138525
1575.348527 4847.732699
-6292.236924 -4866.179898
6109.344140 5756.730361
7335.474939 440.442392
-1597.349676 2264.263398
8797.951518 1248.031601
-1339.981174 -2101.289384
7836.701365 2800.549696
4287.737827 1890.092962
1883.833997 1302.354173
2584.167860 -4062.521167
-1680.815736 -1915.273251
2560.800388 -4187.281557
6442.525778 -5622.884225
4102.929775 -273.016983
3394.751706 -710.990633
-6289.073289 4814.440642
-7681.669906 3720.749798
8697.466127 206.131968
-3798.186724 -4948.309879
6279.424247 3253.981328
-4856.419776 -4332.087845
5194.148473 3854.263225
-4636.191026 1809.534908
-4380.862978 -1831.149813
8633.767274 -5954.918498
-4842.047665 -3805.512507
6921.747346 -2606.066883
-5528.985313 -3112.586685
-5768.931798 735.978632
5340.310845 -1420.009463
1054.091126 1706.681729
3400.172140 -1189.627695
9047.898018 2087.292638
-2987.256319 5538.385102
-5982.640537 4988.413100
-580.303128 -4754.091773
2439.774736 6407.081118
1474.294402 -3804.018562
-8629.006295 -1299.797833
2333.706643 -4096.402533
8626.601066 3062.146175
-871.138770 -1057.924958
4721.287540 -1325.397497
3526.405757 3076.344345
9087.145648 5434.783568
-3521.741092 -1400.570457
6610.672268 -6175.777093
3482.715821 1269.413458
5231.855676 1822.633158
-1380.094881 -3024.927873
-633.711621 -3579.788307
-6825.414311 2265.464018
-5321.054487 -953.407692
8683.176834 -4987.368516
2486.416657 -5228.068268
-5837.567737 -1190.925446
7189.175997 -3120.952557
1288.395170 5694.283516
-748.895506 2823.696077
4748.372155 -4557.236237
-5199.491004 1449.977118
-1218.393856 3233.517853
-8228.164270 6043.258280
-7740.904227 5526.991031
6696.129971 783.601201
780.297761 3241.001902
2251.296033 1705.601349
4108.899514 -3855.019346
-1612.597403 2073.621267
4777.799006 -1126.774655
-2706.204635 1765.890353
-5998.007269 -5504.737539
3471.252343 -4678.083282
2102.861723 -3519.044381
2863.226636 -5390.776490
5399.492724 1581.003958
-3250.081125 -3322.773505
-7034.822633 5919.614039
6967.984022 -1619.919963
-3209.805510 -4800.242352
8251.713915 -206.780990
-6481.169349 2141.175810
-7033.869596 -1930.407940
-8167.441323 5943.560082
8241.292305 1457.211339
-2521.252074 -1299.022418
907.357814 2923.433365
-2603.702035 4564.126126
-2326.036460 2877.839373
-8448.540975 -5751.230816
-6782.843407 6317.179328
6911.565221 -4543.453089
3096.291052 -2902.110215
1863.169809 -2034.033768
4911.297281 -2851.732737
-9383.196580 1867.894093
6959.985998 -3952.651390
8992.141019 710.732164
-8617.832002 5563.525407
-282.530450 6239.849601
-8424.155337 -4826.569909
-7428.911298 6327.657241
6145.194399 2000.293488
7449.414088 -3168.244443
8026.609491 -6257.500922
1300.007245 -6218.752445
2109.100065 4968.504953
-2236.193184 4662.997753
-9330.695124 5223.840008
-2766.421735 -1408.388264
4806.821458 -715.429397
-6679.251632 656.435613
3494.189665 -1591.117424
-26.724257 -2948.996453
2910.565280 -3913.141388
-7772.649420 3413.159106
-6277.620422 -1587.617397
-1136.989930 3326.462475
-4394.459969 3401.024848
-8936.067019 -4925.590916
5109.647974 4792.884378
2639.841584 -6202.869953
6.079024 2620.193007
-9135.348646 -3837.536962
5398.728383 4587.406383
1319.607375 5724.790288
-2435.908241 -4996.991149
-8347.832477 666.910695
2015.975688 4108.727965
-8282.315749 4452.486062
7674.762771 1498.534592
-5736.944114 -3140.196358
-8746.347676 3303.450450
-4648.253526 3511.268500
4566.752425 754.513349
-1394.720359 -4784.815927
7087.335394 -6.971766
3802.019714 738.050773
-4046.860566 -4326.250558
2529.999440 -3536.535755
-7553.822021 -4740.693085
-1171.503474 -2214.651943
5557.703431 -1741.476710
6687.988369 1527.215177
-7247.372926 -1797.072727
-5017.815175 3691.018195
-3835.987787 2086.147031
-539.511186 -1759.803616
-5705.375318 1919.128740
4591.959874 -2794.531076
-6903.572656 -1507.873962
-6762.324915 4132.484446
-1784.455329 1484.174191
-1403.884882 -393.111709
-5315.962211 1102.589778
1318.041066 4119.185031
-8502.267701 -4937.035664
-8892.796745 1134.436552
1238.621467 3682.012362
-4412.037396 374.919730
-5807.089074 2105.144717
-4711.770805 3931.721911
2576.973308 -3725.045054
-2127.204430 1756.794285
4847.442480 4570.008410
-252.333552 -970.389324
-9381.252896 -330.714839
-6011.980140 42.560100
4217.504413 -5552.013748
7820.340197 -2122.186922
-2113.473357 356.004806
-4817.758244 3581.368361
7975.982045 -1100.248211
-5374.549069 3888.178385
9018.636802 755.363327
-3291.833295 -5856.266119
-123.774508 -5816.191757
5246.825358 -3477.766557
2840.455126 5838.705866
-3608.260531 4733.854239
-67.361737 -3147.352507
-2880.421150 5.711666
-9369.763685 -992.968809
7000.155330 1780.280272
-2374.549005 1492.847182
4390.161117 5686.821712
292.326752 -837.111128
5149.680209 -3697.486993
629.424725 4679.630675
-2589.818215 -4221.245781
519.913992 2172.303387
-5288.467728 -6232.077127
3593.265819 -6184.165395
1422.087943 5030.493530
-4489.205797 -3028.806086
146.827089 6405.444186
5637.853040 165.354998
-6837.380850 -2761.288471
3909.145307 4107.573878
-5105.064104 -4098.571721
2260.331116 2695.587835
-4428.142401 5527.557333
-1668.242888 1539.205129
9076.011691 -3930.216985
-5889.927734 -553.030621
-9227.424360 5986.627540
5211.688527 3392.991374
8983.636400 5168.369136
-2104.755390 1395.494257
3106.968299 4352.572615
-7309.453081 -545.041562
-5101.381267 2873.799223
-2589.237401 -4703.693376
297.214832 -4951.988156
1118.130745 -2530.304855
6938.961334 -2385.296292
-6170.132286 -5269.640761
9283.176646 -5580.949390
-7631.431694 -577.209171
-9084.532548 -4897.289430
-7105.944147 -3443.935946
8264.247509 -484.345339
3417.574674 4188.905277
-8612.696831 -2047.849505
1915.520953 5154.383856
2193.022212 3448.299264
1806.634025 5678.840911
-3045.790576 5571.863788
9118.367586 -6073.420576
-4991.746219 -5830.938303
-3281.196077 -4238.761114
7070.349129 -5040.801180
-6685.253021 3729.998832
983.754595 4294.344039
-8046.616351 -838.482531
7533.706426 -5782.011506
-8702.701461 1889.884660
-4344.151468 6251.697328
1272.992788 6032.295634
-3396.024091 -3812.326171
-5804.233790 388.904541
-3821.089406 -1227.553811
6892.027811 651.598008
-4574.119558 -5116.833384
9277.683338 -4166.336138
2365.567217 -5466.715113
-8931.506578 -4963.766602
-2463.670334 -1487.631367
2732.252578 5820.241203
8464.830481 -2935.858070
-3790.469198 -455.718609
6060.409427 3377.223633
-918.286177 1639.123325
7011.018688 4958.385730
-7084.372834 4847.661350
5911.060237 21.834023
990.340086 368.703027
8280.100746 5127.609264
-3585.448376 551.916518
2832.060324 -113.295788
-5779.119392 3740.534042
-4380.183600 1435.144895
4659.216837 -5630.764410
5213.828889 5591.304959
7707.407142 -5680.802978
-5346.664763 4790.929268
1905.319618 -973.009829
-7559.341195 -1764.235603
9115.201339 2229.449268
6001.939983 -2278.159582
8024.850670 219.111676
-60.300414 3670.667577
6245.397349 409.454316
5513.971752 -2473.430104
2611.303247 -3655.319062
-2624.924847 -863.048696
1610.854706 -6002.834111
-3052.864682 -4719.941910
9240.246655 -4941.503460
-5977.558723 5592.222442
6958.549683 4626.877721
-2941.897351 -1853.756232
-1298.490381 -4032.955790
1530.484409 6167.902383
3116.045696 1509.703994
5813.820648 6158.610397
6094.869492 817.955618
-4490.467694 5174.942681
-8222.090165 5038.680846
754.553711 -5478.413376
-3048.475767 5707.864239
2909.702033 -2738.452292
4808.903496 2815.281951
-2131.654544 -2580.197467
-3258.143197 5984.914431
-303.155330 3511.314643
-8053.355714 1229.432450
3716.575296 4605.758010
-872.703532 5436.555725
-3265.990840 -488.225147
-6901.346663 3871.755817
5686.079670 -582.889714
6115.987744 -3741.994163
-8806.225109 1243.396787
-5246.587121 5460.353024
-8913.795060 -1185.944519
5887.226234 -240.044525
-6432.668541 -4144.281118
-1726.344066 1699.903797
926.446312 5911.506762
4988.143853 -5235.749794
7977.298248 5082.511868
-2487.987872 2815.035493
613.795131 3247.365304
9373.131656 6107.903676
-1413.932600 -6412.145407
2386.423011 4043.328463
-1450.932029 6094.780892
-7976.465412 -1522.345445
2907.732722 5549.130299
3636.216050 2512.294736
600.508820 1514.512110
6150.313068 6256.830130
-3225.467739 236.030732
-1338.488134 190.416463
-886.891316 5665.401741
7266.167386 853.801203
5627.332241 6303.547305
7353.178562 -5577.101961
2131.002799 2845.909147
-3865.185888 -1113.144534
-8096.734152 5735.992813
4562.437677 3491.931472
-6971.682684 -5147.822719
-4305.320327 378.627039
-2125.062380 6213.133752
95.296095 4730.252907
-1197.018668 2129.439980
-2994.675217 705.913846
2415.982388 -4279.921698
6521.400451 -477.059889
4869.722817 439.249484
-4001.752267 -2887.981727
5738.987337 -1204.218019
6385.736732 2298.405896
-2128.372423 -5590.706307
7102.727279 913.799964
8145.458831 -6342.246833
8988.890206 -1945.565801
-7783.444018 6141.997608
7936.188909 4151.073684
-6295.995000 1033.457167
-2679.486897 4743.160162
-3383.973742 2218.512800
-2194.923273 135.045811
8989.176393 5122.675661
961.433913 3528.304078
9308.016682 2645.232265
-7543.743067 2337.507522
4959.333228 3467.527893
1748.248356 2441.702514
7277.816431 4586.386863
4011.303299 -3680.926266
5951.146638 450.194613
-3314.336228 5392.426772
229.534374 5084.897251
5017.696065 -698.760204
1705.444930 -788.792680
-1464.237690 504.739791
1953.972988 -2551.748952
4936.059334 5080.319405
4563.421792 3605.384961
-3734.216814 -97.802800
4361.391250 -2477.725600
6269.233304 1700.898538
-1064.953921 -4582.024498
8550.457160 5280.298999
-4981.806208 4.168975
-5196.285187 5444.838620
7455.910431 338.242115
-3128.663391 -2734.122924
-693.817726 -6060.682821
-975.547592 -2168.480403
2786.660132 -5632.855520
-2231.168322 5083.204641
-8783.956211 -2082.754134
1557.472860 -2689.556165
1434.552776 351.602619
-9284.699780 3246.454483
9055.972144 1893.006937
-4664.098261 6198.287885
-1496.662612 -714.500177
-2483.904494 5059.529620
5825.479381 520.951004
1062.635642 5438.458593
8233.228070 5885.979142
-753.208979 508.909908
7441.020569 -4952.009314
6201.361627 -4846.071203
3503.576521 -5108.035974
-8138.361787 -1850.152573
4531.606063 3568.398392
-1123.098170 -4565.498117
-516.691294 5847.855111
1272.217942 133.232458
1072.862833 -689.967531
7260.289468 5235.730645
64.954978 3872.125973
2825.053166 1662.887434
904.298853 -2386.646363
-7681.397549 -1498.733305
2259.300589 -4846.996315
1712.575523 826.381792
-857.120340 -5965.579393
6776.873141 1341.764615
-5936.612373 -4365.881549
-581.533067 -5852.772018
-3920.416106 631.037048
-5078.708715 -3881.351743
-3901.110665 3175.016102
-771.649820 4374.647510
9085.575550 -523.669642
-4146.097169 -5794.935530
4249.427549 59.879473
-7102.370952 -1756.773649
-8818.857020 633.063712
-2106.802587 -6203.129322
2840.583361 -2437.942831
4024.321375 537.113867
-1794.226918 4315.469580
-1671.484998 -2650.411677
5694.185349 -2892.182472
-3485.609824 719.055593
-2013.968678 -2821.695609
152.417475 -1227.080964
-5154.233414 -803.368017
-7421.058512 4198.975712
-8827.768360 -302.819150
130.592020 -3997.126625
-6040.924214 1218.440723
1881.981791 -6361.263482
6777.912476 3962.527466
1466.168432 -4854.682752
-2900.674819 210.987661
2260.262373 -6124.540700
-4594.146850 -3201.003201
-1080.514852 -1823.781410
2779.625289 -1406.147331
-6374.142539 5122.436071
-5300.527036 -5437.882947
-7340.638885 2285.411729
-3826.127886 469.467597
4888.581492 -4969.884992
5217.392080 -509.081549
-8030.268582 -5406.742614
5243.228574 -2101.141834
7899.026509 3601.284508
7270.322653 -942.092929
-3242.299657 1149.283043
8705.480979 3973.026279
-5880.562400 5405.106353
-1471.914757 -3644.388411
-694.390768 6129.859525
2406.399750 3249.405737
-3623.511889 4211.054621
-9191.708210 1348.225208
8867.577400 297.049488
-4066.713606 -1182.996839
9257.650446 3044.767076
1771.261550 2543.714608
-4246.804488 4971.786481
2525.434120 -2471.780800
545.889826 3494.040243
720.731079 -1303.933154
-9290.716949 2663.786676
1091.808115 2833.159026
-1045.840578 2442.680701
-7344.177881 6108.070292
-5583.578495 5983.680460
7301.815032 752.447277
-2308.524338 4294.987796
5444.764521 -421.786255
-1584.446295 6390.092727
-9067.575286 442.239732
-2347.230373 544.073228
1106.319846 -5150.649404
-2903.696064 575.430003
2961.748422 2005.095955
-2347.024076 4635.755519
6247.686809 3177.191731
9131.362039 -4837.069130
-9016.560804 5316.579295
-2467.996441 -2203.751416
-237.335676 -1949.701740
-9358.178749 2888.634066
-5134.037559 -2796.189388
-6196.620306 1662.553118
5761.650411 -2756.588947
-1645.939042 2081.887585
9158.261791 -95.750211
-7254.485549 -306.287733
-7930.985541 -17.438506
214.195926 4738.516676
8286.948686 -1862.881956
7568.003801 -1807.067555
-1793.355679 1130.246548
-9265.321622 3342.719387
-6453.734614 833.531650
8737.227472 6150.253635
2403.986125 5958.065790
-8711.643625 -5430.084607
1401.813904 -4400.709754
-9010.876795 2184.904093
5665.837993 1398.349645
8044.382981 121.366638
5217.527797 5337.528301
7731.592277 5456.685231
3242.880357 -5385.232577
4153.140460 -5864.629160
-1324.651499 2214.750994
2497.191306 2711.599610
-3569.969120 -2771.652448
-222.693555 -2478.925872
631.021550 -5053.472084
8193.840512 -6005.492830
3667.584589 3993.145967
-8641.783787 2827.754909
-6610.884904 -1399.612888
6081.931640 -5006.046369
-529.273216 529.842056
-7846.237679 -4206.197843
5196.552718 -201.953790
2348.112416 6085.635713
-6737.362666 76.587324
-4332.923827 -773.480905
7689.432709 -4711.136529
-783.648738 -4166.633001
8182.510228 -2236.750940
-185.825035 -4527.458701
-7711.427052 1550.997351
-2550.309692 2638.182999
-2854.116587 -256.486369
2218.966176 -5094.220495
-5781.938217 -3250.615286
7129.008245 233.178889
1796.188519 -960.971336
-7122.869592 4943.962351
-2456.573809 4086.165164
-9282.043803 -2480.095468
4873.860896 -1300.948699
-8513.511220 3398.856470
253.031155 -4987.580375
-716.481099 2965.588342
-2204.741537 5460.936737
5859.271392 3884.492726
3349.398189 -1329.736515
3373.223436 250.894975
6728.963345 5014.642110
-2634.266988 5122.391997
-9194.535923 2007.598273
-4041.116685 2639.602986
-4460.246953 -3627.291710
4184.625990 2323.460411
-4078.385447 -5620.004969
-7666.643923 4816.399500
-1473.073263 661.692888
-6128.240768 -3476.761321
5904.204824 -5326.096130
-4393.226267 -683.562466
-8886.359086 -516.119042
-5846.620667 3166.731499
-7264.320710 -6315.327857
-6553.575795 2978.716536
7944.580247 -6242.855825
2128.209179 -5033.160226
-7433.680743 401.482229
9375.099007 2660.600192
-1768.321180 248.656009
3879.484895 3691.314849
7596.473422 4068.981239
4816.505305 -6358.793532
-3533.930693 -4874.652977
-7761.803399 -2905.677482
856.406086 -3925.778706
-8204.043781 3965.480087
-763.881610 5334.091624
-1793.709211 5289.819378
1519.696835 -2355.941670
6465.299882 -6149.049411
968.832934 5472.388159
4155.760074 2318.469288
2544.964611 6347.296969
1116.199590 -5386.920509
-5385.908999 1636.777266
7280.253398 2479.885324
3128.042856 -4480.696840
9004.386122 735.223662
9341.042419 -4667.614504
602.216570 6182.192557
6714.682308 403.582347
9352.080547 -3201.064157
-6772.209389 4974.484530
-1722.508175 -703.599446
8507.608368 2061.900448
3542.720488 588.628382
-5048.962647 -3717.075858
3618.878240 -4014.230055
-8278.657872 -4081.734011
4690.107864 2768.568277
-795.339683 909.491653
-7698.527101 849.517354
-1762.949065 2669.351850
4037.463714 -4945.157838
-7499.092164 -5581.189184
-7196.210603 3274.979097
6182.064625 6270.327089
3551.851892 2299.446407
-7440.558012 3091.656432
3044.531765 -148.484501
-5727.578929 5748.474197
-4468.057135 -5942.579333
1538.857214 -705.675785
5398.128729 -4391.018208
-1214.043019 -3067.027105
4636.433000 -1536.425211
1909.810156 -3758.827213
3174.131314 5103.570066
7993.782587 -6411.509741
-2610.193604 2104.818893
284.419299 4637.248505
-4927.696393 -4850.138569
545.539846 2639.093538
491.918638 -118.070668
2628.931806 5493.269372
6024.187702 2216.514102
4780.406822 -2920.208097
3288.626501 5684.526923
-4272.275011 4697.989102
2139.044413 -3522.055577
-1107.307372 3111.461169
-5366.670049 6189.530986
-8897.570718 122.171223
-4022.958436 -5981.766275
3854.630503 2251.060670
-2203.896084 -79.037136
-1074.748782 -3257.580602
3984.137027 5425.257359
7084.613242 -3928.576856
-8653.878165 3970.073196
7013.194586 -3224.777003
1158.252559 -446.153250
-2366.761383 -76.134880
7417.009985 3619.102319
7587.695373 -190.959856
6371.251763 4745.151496
-1035.887846 -2427.488847
-3283.913297 -6149.208086
-6638.693294 5123.063839
6333.554758 5659.317182
4702.637237 4003.870834
-1807.026556 -1645.526698
-8683.133008 3179.486022
-5940.142270 1799.502520
-2526.135705 535.952128
-5252.181525 -1557.395783
1345.907983 4175.472885
-6271.460378 -4504.149968
3504.339903 -2593.237412
-1918.966195 -4712.300356
7917.665751 4935.105628
3586.928342 -2737.058303
8042.151537 -2220.761163
2945.764629 166.668276
-6285.190828 4882.963734
-6356.084330 -5139.314124
-8910.811963 2218.297576
-5584.122507 4379.718222
-1831.878953 330.705165
-9.468051 5461.181569
669.232016 4422.720610
-2222.584156 430.045292
1913.335991 -523.497635
1270.231056 -4953.543051
-6174.888984 -2801.488637
-3394.328747 -697.794250
6543.163521 -336.808406
-5718.300036 2293.480059
3737.367297 -5395.636945
-48.527794 1037.404420
-1302.430541 -4945.578683
-4761.703717 -22.215401
-2793.373885 -5156.532450
5359.425964 2149.456203
4316.553551 4376.753067
991.873171 -4378.189726
-426.796701 -6354.267964
-8033.548091 -3815.508756
220.158631 5173.437929
-481.336641 -1299.165326
-2617.000110 4251.881128
-7709.166016 -5435.817086
-2730.906035 -901.818259
-7960.068629 -3685.383573
7869.110839 5698.655267
-8728.558493 -64.238036
1970.839080 6084.122420
2736.491577 -5835.465820
-2575.723500 754.215489
-6357.685103 -6013.628510
821.138716 -1359.316244
-8690.020036 -178.627108
-8793.745515 4397.984189
-7016.701721 5407.520001
7351.342383 4335.937289
-184.502185 4821.247414
-4698.564164 -273.843878
-9087.680033 -4846.644990
9249.850173 -164.175866
6851.393723 1938.426553
-6891.577158 -3940.933330
-4961.493011 -3429.334179
-1560.057563 -2988.491402
-8920.644689 -1335.437454
6636.171575 -2760.216139
2226.944762 3553.425624
7163.548051 -6091.201918
-7300.815259 -5850.866703
-1999.693250 -5980.577494
-5032.927299 5132.603643
-7441.854047 -6007.988641
-2403.473605 -2952.973201
-7066.951986 2422.332872
4156.804782 2776.611318
-5012.271938 863.978563
1614.928694 -4056.410130
5869.848176 -5609.292792
283.325587 -4150.047014
-2968.147494 925.361388
2979.705439 3931.647899
2329.199269 5294.684007
5341.472727 -2784.346537
-6113.494229 -1165.570823
6370.552894 -4769.504686
7456.912375 -1749.128112
-4943.073420 5791.996181
-2693.906659 3356.615601
65.848486 -2889.613736
3688.511991 1525.163199
7983.934019 -2881.729479
-8516.491733 5146.634790
-5504.342387 2350.822674
2618.889021 4619.999995
4853.144934 2526.175345
1717.780666 1173.411276
9288.967782 4240.991648
1473.651027 -4036.157926
-5124.621533 2448.260652
-8366.665172 -1475.119336
-812.173123 -2468.375369
3065.927289 -1838.403807
5265.782033 846.306702
-6056.082512 -3806.717049
9233.381694 5943.357830
8090.979405 675.642634
-5055.561308 572.615936
-271.311741 -4861.632398
-6.423746 -1917.895148
5462.428283 -1185.719334
3727.096842 4699.756426
7207.287370 351.680019
8792.199136 -2495.764541
4383.304851 -187.423793
-2692.889698 -328.368564
3374.168375 -1248.603535
1721.391429 1742.243177
-3154.293949 -4882.332248
-4506.794416 1552.785797
7169.738505 -1160.516441
7243.816804 -5057.575751
-5740.625509 6298.378382
6899.919842 5856.480742
-7538.889538 2407.054004
761.835380 -5869.401851
8335.239522 2871.788536
7459.103545 -2393.463577
-2017.604778 1894.333475
-9181.234420 5259.521754
9163.593104 3710.861907
-2549.787404 2212.734610
2066.450950 4736.264486
-2241.764554 3003.547725
-768.651890 4300.391032
-9010.293581 -1619.422646
-8293.307923 -2373.035481
33.284480 -3724.304843
1473.922320 1338.885203
5197.293848 1515.402258
1756.975317 1326.851171
6055.395011 6027.012619
-6500.350230 997.143004
-382.973034 5907.422364
4879.725715 -1056.413855
4231.050879 -763.289433
4418.112741 18.927054
-624.920314 -6397.867924
263.343133 1047.068811
-5511.390865 -1847.094994
5864.083283 5790.926463
-5640.495943 3482.116729
-4461.311714 5487.400066
-5778.989565 -1213.345158
6746.390364 -4324.138194
-2744.061481 5001.574956
-5168.509721 1575.892428
-1631.714843 -5289.897235
5885.426699 1329.242395
5925.310117 4009.144781
-1253.299018 1569.831672
2953.192416 4161.664980
6554.997006 -5321.120702
2178.565701 -2823.760883
-2977.866061 -4661.207837
-242.950169 -93.570540
-8066.980197 2820.228364
-6423.264067 -4732.346614
-4718.517298 5721.899709
7961.182430 3324.352510
8493.128946 -3970.085952
8074.297569 4483.935512
3320.083300 2515.929491
-2829.864082 -2437.460999
-1318.517611 1970.686406
3293.848411 -4634.542155
5798.284870 -3697.936115
1172.904491 -1640.068419
-1767.213041 1580.693007
6681.275417 571.916968
-7313.021019 -73.991528
9313.980944 -1005.606026
3721.785345 -5180.309802
-230.919522 -671.202778
1116.876778 4868.869875
5071.564619 676.269958
-550.917509 -1807.927567
7400.920700 5431.669729
-1024.635623 -2213.335396
8377.840239 -4095.200546
-5666.341625 -2644.280933
2789.519786 -2730.244891
8378.616887 6248.072559
8215.946668 -348.949297
-4959.925181 -6026.571329
-5806.864702 3872.498624
-4007.822073 -2942.809994
1810.222510 -4333.768808
-4215.995030 1406.775567
1515.008019 682.222830
-1355.585931 3256.425490
5105.352067 -1280.202406
652.119564 -2004.225352
-1955.200131 -2839.213858
3893.528891 216.871078
7439.789030 2695.215868
2537.428678 6400.778342
4424.732704 1196.122394
4834.605600 4759.679598
-7440.165683 -646.357040
2601.694287 4868.429443
-672.835534 1911.547518
1490.225797 -4083.108851
3372.663626 1022.650551
-4696.441579 -2760.877066
6719.786962 -4125.321833
-4507.086142 4045.086215
8272.021609 623.919498
5258.030888 -2517.652243
-5133.693919 -1153.464417
-5085.312572 -5818.217563
9176.833294 162.307393
-6757.736552 -5260.634448
2689.594794 3479.529473
-1465.226025 -6163.650146
4137.875818 4859.755384
4252.035629 -4654.255343
4309.431328 -5450.992304
-3319.714577 4575.275694
5468.602894 -5366.175788
3869.391760 -2395.623913
-32.933921 -2575.143200
8306.977929 -745.436052
1221.246855 -5350.227830
5074.672743 89.767616
-4559.215533 -3527.078647
8079.371066 5812.949259
-1672.138809 2313.129659
-1069.012436 -6390.915052
5283.355768 3778.994735
504.800127 -20.998043
-3362.985071 6396.036070
2447.164631 5623.144578
-8894.524979 16.718632
-5695.390267 -2961.091207
-2091.872811 368.337986
-804.185657 -559.815618
3100.585052 4739.034185
8454.460917 -2429.693107
-7804.527182 -5265.149731
-3610.073156 1518.699889
6512.510431 5664.138198
3420.056840 893.972582
8674.829542 1266.068599
-3353.576702 3820.455721
-5810.387891 -4046.016209
-3997.728225 1844.908210
-3103.562084 -2479.526389
-8258.458140 -3151.812291
5537.869038 -2036.173816
-3445.977690 1940.713251
-3020.606539 -56.275005
-2658.951455 -4162.781782
-3494.034500 -4684.743140
5135.391171 -532.886908
-16.001707 1943.054530
4812.571343 5655.502528
-619.518615 -2901.093663
-8544.410397 -2095.104382
8288.883569 -4756.944677
7963.719042 -668.119813
424.896141 3710.872157
-8250.570205 -4542.432711
-6175.515356 -486.389826
7195.535709 -3422.780568
-2152.807303 3005.803861
-7992.417177 -150.798559
-1687.479570 5866.096556
-8457.409438 -6401.976623
8472.254136 5691.788815
-5903.016039 4684.743128
-7993.293110 -1464.913795
-726.066656 -653.543751
-9001.279835 1573.325833
4175.896884 42.263559
7131.886801 5013.225151
3496.302025 6000.694387
-1288.585677 -1589.920516
-886.338381 -919.645948
5884.585774 -1579.794204
-3757.944183 832.960903
-4939.905934 1819.832621
8758.093983 -5114.954055
6357.104104 -4815.680909
-6196.910080 4472.408920
4551.442611 2897.928523
-8613.839548 -1156.567575
6319.814805 4403.923160
1532.887027 -2640.192948
-3199.033269 -5065.520275
-9027.062516 -1189.503486
1452.518321 1880.237588
344.605365 1415.075110
7718.628436 -687.923638
7959.072162 1524.351525
-1178.527758 -1810.379975
6473.021400 -1246.814267
-5398.697568 -3375.249926
8718.835795 4109.909615
-6831.787975 -4511.812291
3621.685276 -4230.126811
5856.239500 3200.209177
1318.581588 -3004.218127
-1277.355126 -4178.452475
-1492.850458 -5188.668034
-4592.007543 446.898757
5997.060431 -1577.026959
5450.655469 1179.749208
1920.191896 687.806733
3959.331331 2466.999671
8012.659540 -1501.966184
882.232347 -3946.629933
5948.143820 3392.341056
3648.487932 -3918.507285
-9099.631221 1502.644143
8706.876298 4809.704252
-4460.546935 2461.101560
8864.259577 -260.231508
7801.110601 -5389.871799
3322.893175 3750.487747
1670.574029 2776.826841
3257.090657 -3060.857996
94.961369 -5442.829175
1968.791523 3485.488414
7157.209562 3717.671121
-4700.712386 3217.570471
-6463.502053 -6264.693510
-1098.138049 6221.564916
-3443.317959 5103.595812
4659.794011 930.808794
6939.409885 -4369.108430
-2422.785069 4292.217348
-8130.551342 -2082.504720
574.692643 5700.007251
-5904.408246 4142.800781
-740.704460 -5503.292165
2033.796451 -3472.872829
-1023.845092 2217.531835
4977.026380 6308.171030
-6363.397254 3047.351489
-2765.784654 1341.572877
-4537.476298 6128.369022
