446.028246 -28.319254 -1.088444
2112.491604 -142.735919 -1.088444
6559.784448 -444.152072 -1.088444
2164.935086 -217.946485 -1.088444
6440.489716 -674.396829 -1.088444
468.376373 -64.852113 -1.088444
533.350300 -75.119761 -1.088444
2139.327352 -289.098291 -1.088444
6349.498359 -868.878723 -1.088444
2123.167446 -375.526215 -1.088444
6334.420224 -1106.009880 -1.088444
2108.011808 -447.591548 -1.088444
6140.901179 -1313.561750 -1.088444
2097.469303 -520.750999 -1.088444
5961.212154 -1482.247346 -1.088444
904.837234 -258.524924 -1.088444
2051.946869 -588.320431 -1.088444
5825.702710 -1655.390934 -1.088444
2042.663148 -647.322828 -1.088444
5730.279832 -1836.222267 -1.088444
2014.911574 -734.003502 -1.088444
1792.303185 -727.702045 -1.088444
1984.371064 -805.252026 -1.088444
5523.607869 -2228.273629 -1.088444
2373.610068 -1047.662375 -1.088444
5415.884877 -2628.762835 -1.088444
1863.434986 -981.503924 -1.088444
1816.052406 -1049.905297 -1.088444
5277.184328 -3038.378856 -1.088444
1762.372806 -1099.720631 -1.088444
5095.860474 -3196.782036 -1.088444
1744.603251 -1163.068834 -1.088444
1679.243980 -1227.682574 -1.088444
4777.178780 -3497.019760 -1.088444
1625.139404 -1260.884020 -1.088444
1557.742366 -1307.390914 -1.088444
1522.595490 -1368.939065 -1.088444
1490.217568 -1433.982943 -1.088444
4361.318422 -4202.146217 -1.088444
1421.525474 -1463.335047 -1.088444
4327.317791 -4457.462687 -1.088444
1368.939065 -1522.595490 -1.088444
4196.011595 -4654.950363 -1.088444
1307.390914 -1557.742366 -1.088444
3997.636274 -4745.161756 -1.088444
1248.927613 -1595.851949 -1.088444
3926.315487 -5024.352869 -1.088444
1171.057780 -1625.703741 -1.088444
3677.972899 -5090.051780 -1.088444
1139.785863 -1681.879139 -1.088444
3561.813739 -5292.788639 -1.088444
1056.902119 -1688.298190 -1.088444
978.309448 -1698.453903 -1.088444
3392.111100 -5840.026326 -1.088444
931.466101 -1753.347956 -1.088444
858.108084 -1770.699221 -1.088444
804.801663 -1800.573211 -1.088444
718.861170 -1817.498053 -1.088444
2670.953735 -6714.480916 -1.088444
660.882090 -1820.797594 -1.088444
588.827119 -1820.011096 -1.088444
2279.396333 -7066.128631 -1.088444
545.983402 -1897.292324 -1.088444
455.826474 -1863.525878 -1.088444
388.230950 -1874.218377 -1.088444
335.557786 -1892.545914 -1.088444
266.033177 -1875.533896 -1.088444
186.813479 -1894.822431 -1.088444
119.542660 -1886.117521 -1.088444
52.992281 -1881.225968 -1.088444
0.000000 -1880.025039 -1.088444
-65.522166 -1847.725092 -1.088444
-131.434997 -1853.233461 -1.088444
-195.936758 -1828.743079 -1.088444
-788.786942 -7286.888897 -1.088444
-263.068526 -1841.479682 -1.088444
-328.131136 -1824.409117 -1.088444
-1146.080942 -6370.861708 -1.088444
-393.726107 -1811.140094 -1.088444
-1313.561750 -6140.901179 -1.088444
-712.201109 -2830.999409 -1.088444
-1574.553895 -6231.213286 -1.088444
-689.143176 -1690.351185 -1.088444
-755.318955 -1666.910798 -1.088444
-1182.385057 -2381.423424 -1.088444
-3585.021837 -4929.405025 -1.088444
-1129.451362 -1428.041952 -1.088444
-3828.455116 -4866.680232 -1.088444
-3997.636274 -4745.161756 -1.088444
-1219.509179 -1349.244198 -1.088444
-4196.011595 -4654.950363 -1.088444
-1302.292718 -1328.601662 -1.088444
-4327.317791 -4457.462687 -1.088444
-1298.275648 -1234.004577 -1.088444
-4802.140396 -4298.419375 -1.088444
-1382.547265 -1162.890223 -1.088444
-1864.756994 -1567.022684 -1.088444
-4896.657148 -4097.202920 -1.088444
-1456.863904 -1057.193275 -1.088444
-5363.378704 -3885.011497 -1.088444
-1542.934391 -959.471806 -1.088444
-1605.485614 -841.585201 -1.088444
-1659.365375 -738.936144 -1.088444
-1717.644448 -624.597981 -1.088444
-1752.596942 -493.323584 -1.088444
-1806.906878 -379.712315 -1.088444
-6622.895594 -1401.671025 -1.088444
-1820.866340 -314.394188 -1.088444
-1838.628920 -249.528211 -1.088444
-6596.681103 -897.977532 -1.088444
-1860.322830 -184.712905 -1.088444
-6418.989682 -638.538241 -1.088444
-1853.233461 -131.434997 -1.088444
-6315.118244 -429.824802 -1.088444
-1847.065856 -52.399031 -1.088444
-6245.034097 -196.179082 -1.088444
-1845.894813 -0.000000 -1.088444
-6226.319342 -0.000000 -1.088444
-1847.725092 65.522166 -1.088444
-6026.935280 222.044984 -1.088444
-1854.780538 144.699191 -1.088444
-5884.261843 435.871248 -1.088444
-1862.473011 198.135427 -1.088444
-5981.612298 632.974846 -1.088444
-1841.479682 263.068526 -1.088444
-5926.904693 851.204397 -1.088444
-1861.859675 345.773940 -1.088444
-5715.522571 1044.772943 -1.088444
-1844.499670 398.093454 -1.088444
-5717.715537 1236.262819 -1.088444
-1868.708656 470.538151 -1.088444
-5558.832527 1397.302165 -1.088444
-1828.763250 533.945474 -1.088444
-5438.602791 1562.471520 -1.088444
-1820.011096 588.827119 -1.088444
-5353.668500 1734.708229 -1.088444
-1828.098157 677.073391 -1.088444
-5355.248037 1966.616511 -1.088444
-1800.213738 744.449290 -1.088444
-5169.092989 2109.227599 -1.088444
-1767.989829 796.270228 -1.088444
-5187.421632 2322.275963 -1.088444
-1770.699221 858.108084 -1.088444
-5072.150153 2491.055992 -1.088444
-4925.026490 2610.857416 -1.088444
-2550.856894 1603.395762 -1.088444
-3205.868615 2014.498521 -1.088444
-4935.655751 3115.632693 -1.088444
-4875.527072 3291.757132 -1.088444
-436.337944 367.442479 -1.088444
-414.609527 399.253619 -1.088444
-349.249672 386.403892 -1.088444
-3997.636274 4745.161756 -1.088444
-3926.315487 5024.352869 -1.088444
-3782.078198 5187.806378 -1.088444
-3110.602558 6293.544711 -1.088444
-2745.358931 6806.985841 -1.088444
-527.225458 2138.192136 -1.088444
-447.591548 2108.011808 -1.088444
-390.844147 2127.929245 -1.088444
-304.079930 2143.039505 -1.088444
-232.782234 2167.784554 -1.088444
-159.125089 2155.421658 -1.088444
-58.437008 1519.362210 -1.088444
-68.607600 1989.620389 -1.088444
-72.954942 2188.648258 -1.088444
-13.548047 1950.918748 -1.088444
-14.576106 2186.415973 -1.088444
28.347440 992.160410 -1.088444
46.733925 1518.852556 -1.088444
51.820456 1813.715960 -1.088444
58.341619 2187.810699 -1.088444
146.376606 2195.649088 -1.088444
220.740186 2207.401857 -1.088444
307.942061 2184.922243 -1.088444
380.254939 2164.528113 -1.088444
1270.214397 7172.975417 -1.088444
458.943093 2191.083154 -1.088444
533.883530 2180.024416 -1.088444
1689.328379 6940.936164 -1.088444
602.866340 2132.088277 -1.088444
680.632112 2130.674436 -1.088444
751.803010 2093.255439 -1.088444
834.503448 2101.160467 -1.088444
2583.394940 6458.487350 -1.088444
909.994560 2073.594161 -1.088444
976.559117 2012.303634 -1.088444
3026.991278 6196.429204 -1.088444
1057.118400 1995.124868 -1.088444
1141.547604 1982.687944 -1.088444
1206.864738 1961.155200 -1.088444
1247.176627 1870.764941 -1.088444
3875.444773 5777.283412 -1.088444
1342.461648 1870.396004 -1.088444
1429.068315 1839.545384 -1.088444
1450.548409 1749.630555 -1.088444
1545.478047 1727.298994 -1.088444
1601.605889 1662.043847 -1.088444
1662.043847 1601.605889 -1.088444
1710.503283 1559.131311 -1.088444
1779.746952 1505.939729 -1.088444
1820.196834 1440.989161 -1.088444
1864.479066 1379.411342 -1.088444
1884.462158 1271.264154 -1.088444
1951.590909 1240.546159 -1.088444
1995.931613 1164.293441 -1.088444
2007.498020 1078.655653 -1.088444
2023.855059 997.046242 -1.088444
2045.057746 918.794060 -1.088444
2081.494929 862.333613 -1.088444
2112.049728 788.300251 -1.088444
2139.214327 698.215787 -1.088444
2139.678673 619.768995 -1.088444
2186.889031 550.441457 -1.088444
2203.190556 491.251948 -1.088444
2169.424934 395.773468 -1.088444
2188.938514 323.198975 -1.088444
7219.192164 1047.343941 -1.088444
2210.333083 235.768862 -1.088444
2197.616124 161.158516 -1.088444
7121.251014 513.904712 -1.088444
2231.756216 73.899212 -1.088444
408.334496 -76.130160 -1.088444
460.826324 -100.805758 -1.088444
180.785415 512.225343 -1.088444
-399.420358 369.275426 -1.088444
527.020496 -127.990692 -1.088444
587.124104 -164.394749 -1.088444
651.443969 -203.576240 -1.088444
732.299034 -238.422941 -1.088444
806.035472 -274.583513 -1.088444
888.060060 -323.771897 -1.088444
978.067898 -377.669782 -1.088444
1074.290181 -425.662147 -1.088444
1180.519329 -478.588917 -1.088444
22.489080 1416.812025 -1.088444
1303.267143 -550.518018 -1.088444
11.908278 1571.892661 -1.088444
-119.527443 1577.762254 -1.088444
1442.257486 -631.732618 -1.088444
38.018537 1748.852688 -1.088444
-1446.222222 -989.520468 -1.088444
-1279.161564 -1190.506802 -1.088444
-1166.808941 -1306.318706 -1.088444
-644.609928 -1617.844524 -1.088444
-367.698349 -1711.699209 -1.088444
-317.660498 -1728.073109 -1.088444
-241.506607 -1741.389747 -1.088444
-114.375593 -1753.759095 -1.088444
1594.236358 -708.549492 -1.088444
-67.806103 1952.815772 -1.088444
-1934.863557 216.488230 -1.088444
-353.723055 -1931.872072 -1.088444
311.050833 -1920.400797 -1.088444
378.242226 -1904.719780 -1.088444
446.218148 -1893.046688 -1.088444
500.325426 -1879.600924 -1.088444
1413.514940 -1359.148981 -1.088444
1592.926419 -1106.948867 -1.088444
1776.519903 -813.673238 -1.088444
1958.763492 -136.025243 -1.088444
2022.295658 814.737819 -1.088444
1794.691571 1254.825001 -1.088444
1749.058436 1311.793827 -1.088444
1707.145641 1371.552908 -1.088444
-247.678001 2170.824835 -1.088444
-349.514541 2155.339671 -1.088444
-421.792460 2138.051437 -1.088444
-494.977387 2125.491131 -1.088444
-888.726946 -1995.993305 -1.088444
1875.619103 -1157.608665 -1.088444
1979.321118 -916.891400 -1.088444
2138.051437 -421.792460 -1.088444
2155.339671 -349.514541 -1.088444
2162.275182 -203.166796 -1.088444
