-911.959677 10766.705787
-697.190673 10654.251854
-482.421669 10541.797920
-267.652664 10429.343987
-52.883660 10316.890054
161.885344 10204.436121
376.654348 10091.982187
591.423352 9979.528254
806.192356 9867.074321
1020.961360 9754.620387
1235.730364 9642.166454
1450.499369 9529.712521
1665.268373 9417.258587
1880.037377 9304.804654
2094.806381 9192.350721
2309.575385 9079.896788
2524.344389 8967.442854
2739.113393 8854.988921
2953.882397 8742.534988
3168.651401 8630.081054
3383.420406 8517.627121
3598.189410 8405.173188
3812.958414 8292.719254
4027.727418 8180.265321
4242.496422 8067.811388
4457.265426 7955.357455
4672.034430 7842.903521
4886.803434 7730.449588
5101.572439 7617.995655
5316.341443 7505.541721
5531.110447 7393.087788
5745.879451 7280.633855
5960.648455 7168.179922
6175.417459 7055.725988
6390.186463 6943.272055
6604.955467 6830.818122
6819.724472 6718.364188
7034.493476 6605.910255
7249.262480 6493.456322
7464.031484 6381.002388
7678.800488 6268.548455
7893.569492 6156.094522
8108.338496 6043.640589
8323.107500 5931.186655
8537.876504 5818.732722
8752.645509 5706.278789
8967.414513 5593.824855
9182.183517 5481.370922
9396.952521 5368.916989
9611.721525 5256.463055
-9205.851422 -5073.299255
-8991.082418 -5185.753188
-8776.313414 -5298.207121
-8561.544410 -5410.661055
-8346.775405 -5523.114988
-8132.006401 -5635.568921
-7917.237397 -5748.022854
-7702.468393 -5860.476788
-7487.699389 -5972.930721
-7272.930385 -6085.384654
-7058.161381 -6197.838588
-6843.392377 -6310.292521
-6628.623373 -6422.746454
-6413.854368 -6535.200387
-6199.085364 -6647.654321
-5984.316360 -6760.108254
-5769.547356 -6872.562187
-5554.778352 -6985.016121
-5340.009348 -7097.470054
-5125.240344 -7209.923987
-4910.471340 -7322.377921
-4695.702335 -7434.831854
-4480.933331 -7547.285787
-4266.164327 -7659.739720
-4051.395323 -7772.193654
-3836.626319 -7884.647587
-3621.857315 -7997.101520
-3407.088311 -8109.555454
-3192.319307 -8222.009387
-2977.550302 -8334.463320
-2762.781298 -8446.917254
-2548.012294 -8559.371187
-2333.243290 -8671.825120
-2118.474286 -8784.279053
-1903.705282 -8896.732987
-1688.936278 -9009.186920
-1474.167274 -9121.640853
-1259.398270 -9234.094787
-1044.629265 -9346.548720
-829.860261 -9459.002653
-615.091257 -9571.456587
-400.322253 -9683.910520
-185.553249 -9796.364453
29.215755 -9908.818386
243.984759 -10021.272320
458.753763 -10133.726253
673.522768 -10246.180186
888.291772 -10358.634120
1103.060776 -10471.088053
1317.829780 -10583.541986
-911.959677 10766.705787
-1081.222774 10443.440378
-1250.485870 10120.174969
-1419.748967 9796.909560
-1589.012064 9473.644151
-1758.275161 9150.378742
-1927.538258 8827.113333
-2096.801355 8503.847924
-2266.064452 8180.582515
-2435.327548 7857.317106
-2604.590645 7534.051697
-2773.853742 7210.786288
-2943.116839 6887.520879
-3112.379936 6564.255470
-3281.643033 6240.990061
-3450.906129 5917.724652
-3620.169226 5594.459243
-3789.432323 5271.193834
-3958.695420 4947.928425
-4127.958517 4624.663016
-4297.221614 4301.397607
-4466.484710 3978.132198
-4635.747807 3654.866789
-4805.010904 3331.601380
-4974.274001 3008.335971
-5143.537098 2685.070562
-5312.800195 2361.805153
-5482.063291 2038.539744
-5651.326388 1715.274335
-5820.589485 1392.008926
-5989.852582 1068.743517
-6159.115679 745.478108
-6328.378776 422.212699
-6497.641873 98.947290
-6666.904969 -224.318119
-6836.168066 -547.583528
-7005.431163 -870.848937
-7174.694260 -1194.114346
-7343.957357 -1517.379755
-7513.220454 -1840.645164
-7682.483550 -2163.910573
-7851.746647 -2487.175983
-8021.009744 -2810.441392
-8190.272841 -3133.706801
-8359.535938 -3456.972210
-8528.799035 -3780.237619
-8698.062131 -4103.503028
-8867.325228 -4426.768437
-9036.588325 -4750.033846
-9205.851422 -5073.299255
9611.721525 5256.463055
9442.458428 4933.197646
9273.195331 4609.932237
9103.932235 4286.666828
8934.669138 3963.401419
8765.406041 3640.136010
8596.142944 3316.870601
8426.879847 2993.605192
8257.616750 2670.339783
8088.353654 2347.074374
7919.090557 2023.808965
7749.827460 1700.543556
7580.564363 1377.278147
7411.301266 1054.012738
7242.038169 730.747329
7072.775072 407.481920
6903.511976 84.216511
6734.248879 -239.048898
6564.985782 -562.314307
6395.722685 -885.579716
6226.459588 -1208.845125
6057.196491 -1532.110534
5887.933395 -1855.375943
5718.670298 -2178.641352
5549.407201 -2501.906761
5380.144104 -2825.172170
5210.881007 -3148.437579
5041.617910 -3471.702988
4872.354814 -3794.968397
4703.091717 -4118.233806
4533.828620 -4441.499215
4364.565523 -4764.764624
4195.302426 -5088.030033
4026.039329 -5411.295442
3856.776233 -5734.560851
3687.513136 -6057.826260
3518.250039 -6381.091669
3348.986942 -6704.357078
3179.723845 -7027.622487
3010.460748 -7350.887896
2841.197651 -7674.153305
2671.934555 -7997.418714
2502.671458 -8320.684123
2333.408361 -8643.949532
2164.145264 -8967.214941
1994.882167 -9290.480350
1825.619070 -9613.745759
1656.355974 -9937.011168
1487.092877 -10260.276577
1317.829780 -10583.541986
2565.019797 8241.781632
2626.056934 8209.822335
2687.094072 8177.863039
2748.131210 8145.903743
2809.168347 8113.944447
2870.205485 8081.985151
2931.242622 8050.025855
2992.279760 8018.066559
3053.316898 7986.107262
3114.354035 7954.147966
3175.391173 7922.188670
3236.428311 7890.229374
3297.465448 7858.270078
3358.502586 7826.310782
3419.539723 7794.351486
3480.576861 7762.392189
3541.613999 7730.432893
3602.651136 7698.473597
3663.688274 7666.514301
3724.725412 7634.555005
3785.762549 7602.595709
3846.799687 7570.636413
3907.836825 7538.677117
3968.873962 7506.717820
4029.911100 7474.758524
4090.948237 7442.799228
4151.985375 7410.839932
4213.022513 7378.880636
4274.059650 7346.921340
4335.096788 7314.962044
4396.133926 7283.002747
4457.171063 7251.043451
4518.208201 7219.084155
4579.245338 7187.124859
4640.282476 7155.165563
4701.319614 7123.206267
4762.356751 7091.246971
4823.393889 7059.287674
4884.431027 7027.328378
4945.468164 6995.369082
5006.505302 6963.409786
5067.542440 6931.450490
5128.579577 6899.491194
5189.616715 6867.531898
5250.653852 6835.572601
5311.690990 6803.613305
5372.728128 6771.654009
5433.765265 6739.694713
5494.802403 6707.735417
5555.839541 6675.776121
2854.471052 8794.587177
2848.563884 8783.305431
2842.656715 8772.023685
2836.749547 8760.741939
2830.842378 8749.460193
2824.935210 8738.178448
2819.028041 8726.896702
2813.120873 8715.614956
2807.213704 8704.333210
2801.306536 8693.051464
2795.399367 8681.769718
2789.492199 8670.487973
2783.585030 8659.206227
2777.677862 8647.924481
2771.770693 8636.642735
2765.863525 8625.360989
2759.956357 8614.079244
2754.049188 8602.797498
2748.142020 8591.515752
2742.234851 8580.234006
2736.327683 8568.952260
2730.420514 8557.670514
2724.513346 8546.388769
2718.606177 8535.107023
2712.699009 8523.825277
2706.791840 8512.543531
2700.884672 8501.261785
2694.977503 8489.980040
2689.070335 8478.698294
2683.163166 8467.416548
2677.255998 8456.134802
2671.348829 8444.853056
2665.441661 8433.571310
2659.534492 8422.289565
2653.627324 8411.007819
2647.720155 8399.726073
2641.812987 8388.444327
2635.905818 8377.162581
2629.998650 8365.880836
2624.091481 8354.599090
2618.184313 8343.317344
2612.277145 8332.035598
2606.369976 8320.753852
2600.462808 8309.472106
2594.555639 8298.190361
2588.648471 8286.908615
2582.741302 8275.626869
2576.834134 8264.345123
2570.926965 8253.063377
2565.019797 8241.781632
5845.290796 7228.581666
5839.383628 7217.299920
5833.476459 7206.018174
5827.569291 7194.736428
5821.662122 7183.454683
5815.754954 7172.172937
5809.847785 7160.891191
5803.940617 7149.609445
5798.033448 7138.327699
5792.126280 7127.045954
5786.219111 7115.764208
5780.311943 7104.482462
5774.404774 7093.200716
5768.497606 7081.918970
5762.590437 7070.637224
5756.683269 7059.355479
5750.776100 7048.073733
5744.868932 7036.791987
5738.961763 7025.510241
5733.054595 7014.228495
5727.147426 7002.946750
5721.240258 6991.665004
5715.333090 6980.383258
5709.425921 6969.101512
5703.518753 6957.819766
5697.611584 6946.538020
5691.704416 6935.256275
5685.797247 6923.974529
5679.890079 6912.692783
5673.982910 6901.411037
5668.075742 6890.129291
5662.168573 6878.847546
5656.261405 6867.565800
5650.354236 6856.284054
5644.447068 6845.002308
5638.539899 6833.720562
5632.632731 6822.438816
5626.725562 6811.157071
5620.818394 6799.875325
5614.911225 6788.593579
5609.004057 6777.311833
5603.096888 6766.030087
5597.189720 6754.748342
5591.282551 6743.466596
5585.375383 6732.184850
5579.468214 6720.903104
5573.561046 6709.621358
5567.653878 6698.339612
5561.746709 6687.057867
5555.839541 6675.776121
-5149.969437 -6492.612320
-5088.932300 -6524.571616
-5027.895162 -6556.530912
-4966.858025 -6588.490208
-4905.820887 -6620.449505
-4844.783749 -6652.408801
-4783.746612 -6684.368097
-4722.709474 -6716.327393
-4661.672336 -6748.286689
-4600.635199 -6780.245985
-4539.598061 -6812.205281
-4478.560923 -6844.164577
-4417.523786 -6876.123874
-4356.486648 -6908.083170
-4295.449511 -6940.042466
-4234.412373 -6972.001762
-4173.375235 -7003.961058
-4112.338098 -7035.920354
-4051.300960 -7067.879650
-3990.263822 -7099.838947
-3929.226685 -7131.798243
-3868.189547 -7163.757539
-3807.152410 -7195.716835
-3746.115272 -7227.676131
-3685.078134 -7259.635427
-3624.040997 -7291.594723
-3563.003859 -7323.554020
-3501.966721 -7355.513316
-3440.929584 -7387.472612
-3379.892446 -7419.431908
-3318.855309 -7451.391204
-3257.818171 -7483.350500
-3196.781033 -7515.309796
-3135.743896 -7547.269093
-3074.706758 -7579.228389
-3013.669620 -7611.187685
-2952.632483 -7643.146981
-2891.595345 -7675.106277
-2830.558207 -7707.065573
-2769.521070 -7739.024869
-2708.483932 -7770.984165
-2647.446795 -7802.943462
-2586.409657 -7834.902758
-2525.372519 -7866.862054
-2464.335382 -7898.821350
-2403.298244 -7930.780646
-2342.261106 -7962.739942
-2281.223969 -7994.699238
-2220.186831 -8026.658535
-2159.149694 -8058.617831
-5439.420693 -7045.417865
-5433.513524 -7034.136119
-5427.606356 -7022.854373
-5421.699188 -7011.572628
-5415.792019 -7000.290882
-5409.884851 -6989.009136
-5403.977682 -6977.727390
-5398.070514 -6966.445644
-5392.163345 -6955.163899
-5386.256177 -6943.882153
-5380.349008 -6932.600407
-5374.441840 -6921.318661
-5368.534671 -6910.036915
-5362.627503 -6898.755169
-5356.720334 -6887.473424
-5350.813166 -6876.191678
-5344.905997 -6864.909932
-5338.998829 -6853.628186
-5333.091660 -6842.346440
-5327.184492 -6831.064695
-5321.277323 -6819.782949
-5315.370155 -6808.501203
-5309.462986 -6797.219457
-5303.555818 -6785.937711
-5297.648649 -6774.655965
-5291.741481 -6763.374220
-5285.834312 -6752.092474
-5279.927144 -6740.810728
-5274.019976 -6729.528982
-5268.112807 -6718.247236
-5262.205639 -6706.965491
-5256.298470 -6695.683745
-5250.391302 -6684.401999
-5244.484133 -6673.120253
-5238.576965 -6661.838507
-5232.669796 -6650.556761
-5226.762628 -6639.275016
-5220.855459 -6627.993270
-5214.948291 -6616.711524
-5209.041122 -6605.429778
-5203.133954 -6594.148032
-5197.226785 -6582.866287
-5191.319617 -6571.584541
-5185.412448 -6560.302795
-5179.505280 -6549.021049
-5173.598111 -6537.739303
-5167.690943 -6526.457557
-5161.783774 -6515.175812
-5155.876606 -6503.894066
-5149.969437 -6492.612320
-2448.600949 -8611.423376
-2442.693781 -8600.141630
-2436.786612 -8588.859884
-2430.879444 -8577.578138
-2424.972275 -8566.296393
-2419.065107 -8555.014647
-2413.157938 -8543.732901
-2407.250770 -8532.451155
-2401.343601 -8521.169409
-2395.436433 -8509.887663
-2389.529264 -8498.605918
-2383.622096 -8487.324172
-2377.714927 -8476.042426
-2371.807759 -8464.760680
-2365.900590 -8453.478934
-2359.993422 -8442.197189
-2354.086253 -8430.915443
-2348.179085 -8419.633697
-2342.271916 -8408.351951
-2336.364748 -8397.070205
-2330.457579 -8385.788459
-2324.550411 -8374.506714
-2318.643243 -8363.224968
-2312.736074 -8351.943222
-2306.828906 -8340.661476
-2300.921737 -8329.379730
-2295.014569 -8318.097985
-2289.107400 -8306.816239
-2283.200232 -8295.534493
-2277.293063 -8284.252747
-2271.385895 -8272.971001
-2265.478726 -8261.689255
-2259.571558 -8250.407510
-2253.664389 -8239.125764
-2247.757221 -8227.844018
-2241.850052 -8216.562272
-2235.942884 -8205.280526
-2230.035715 -8193.998781
-2224.128547 -8182.717035
-2218.221378 -8171.435289
-2212.314210 -8160.153543
-2206.407041 -8148.871797
-2200.499873 -8137.590051
-2194.592704 -8126.308306
-2188.685536 -8115.026560
-2182.778367 -8103.744814
-2176.871199 -8092.463068
-2170.964031 -8081.181322
-2165.056862 -8069.899577
-2159.149694 -8058.617831
5464.775653 -2663.539465
5250.006648 -2551.085532
5035.237644 -2438.631599
4820.468640 -2326.177665
4605.699636 -2213.723732
4390.930632 -2101.269799
4176.161628 -1988.815866
3961.392624 -1876.361932
3746.623620 -1763.907999
3531.854615 -1651.454066
3317.085611 -1539.000132
3102.316607 -1426.546199
2887.547603 -1314.092266
2672.778599 -1201.638333
2458.009595 -1089.184399
2243.240591 -976.730466
2028.471587 -864.276533
1813.702582 -751.822599
1598.933578 -639.368666
1384.164574 -526.914733
1169.395570 -414.460799
954.626566 -302.006866
739.857562 -189.552933
525.088558 -77.099000
310.319554 35.354934
95.550549 147.808867
-119.218455 260.262800
-333.987459 372.716734
-548.756463 485.170667
-763.525467 597.624600
-978.294471 710.078534
-1193.063475 822.532467
-1407.832479 934.986400
-1622.601483 1047.440333
-1837.370488 1159.894267
-2052.139492 1272.348200
-2266.908496 1384.802133
-2481.677500 1497.256067
-2696.446504 1609.710000
-2911.215508 1722.163933
-3125.984512 1834.617867
-3340.753516 1947.071800
-3555.522521 2059.525733
-3770.291525 2171.979666
-3985.060529 2284.433600
-4199.829533 2396.887533
-4414.598537 2509.341466
-4629.367541 2621.795400
-4844.136545 2734.249333
-5058.905549 2846.703266
539.035166 7609.414232
654.365706 7549.026687
769.696245 7488.639143
885.026785 7428.251598
1000.357324 7367.864054
1115.687863 7307.476510
1231.018403 7247.088965
1346.348942 7186.701421
1461.679482 7126.313876
1577.010021 7065.926332
1692.340560 7005.538787
1807.671100 6945.151243
1923.001639 6884.763698
2038.332178 6824.376154
2153.662718 6763.988610
2268.993257 6703.601065
2384.323797 6643.213521
2499.654336 6582.825976
2614.984875 6522.438432
2730.315415 6462.050887
2845.645954 6401.663343
2960.976493 6341.275798
3076.307033 6280.888254
3191.637572 6220.500709
3306.968112 6160.113165
3422.298651 6099.725621
3537.629190 6039.338076
3652.959730 5978.950532
3768.290269 5918.562987
3883.620808 5858.175443
3998.951348 5797.787898
4114.281887 5737.400354
4229.612427 5677.012809
4344.942966 5616.625265
4460.273505 5556.237721
4575.604045 5495.850176
4690.934584 5435.462632
4806.265123 5375.075087
4921.595663 5314.687543
5036.926202 5254.299998
5152.256742 5193.912454
5267.587281 5133.524909
5382.917820 5073.137365
5498.248360 5012.749820
5613.578899 4952.362276
5728.909439 4891.974732
5844.239978 4831.587187
5959.570517 4771.199643
6074.901057 4710.812098
6190.231596 4650.424554
1524.282709 9491.079260
1504.175617 9452.677933
1484.068524 9414.276606
1463.961431 9375.875279
1443.854339 9337.473952
1423.747246 9299.072625
1403.640153 9260.671298
1383.533060 9222.269970
1363.425968 9183.868643
1343.318875 9145.467316
1323.211782 9107.065989
1303.104690 9068.664662
1282.997597 9030.263335
1262.890504 8991.862008
1242.783411 8953.460681
1222.676319 8915.059354
1202.569226 8876.658026
1182.462133 8838.256699
1162.355041 8799.855372
1142.247948 8761.454045
1122.140855 8723.052718
1102.033762 8684.651391
1081.926670 8646.250064
1061.819577 8607.848737
1041.712484 8569.447410
1021.605392 8531.046082
1001.498299 8492.644755
981.391206 8454.243428
961.284113 8415.842101
941.177021 8377.440774
921.069928 8339.039447
900.962835 8300.638120
880.855743 8262.236793
860.748650 8223.835466
840.641557 8185.434138
820.534464 8147.032811
800.427372 8108.631484
780.320279 8070.230157
760.213186 8031.828830
740.106094 7993.427503
719.999001 7955.026176
699.891908 7916.624849
679.784815 7878.223522
659.677723 7839.822194
639.570630 7801.420867
619.463537 7763.019540
599.356445 7724.618213
579.249352 7686.216886
559.142259 7647.815559
539.035166 7609.414232
7175.479139 6532.089582
7155.372046 6493.688255
7135.264953 6455.286928
7115.157861 6416.885601
7095.050768 6378.484274
7074.943675 6340.082947
7054.836583 6301.681620
7034.729490 6263.280292
7014.622397 6224.878965
6994.515305 6186.477638
6974.408212 6148.076311
6954.301119 6109.674984
6934.194026 6071.273657
6914.086934 6032.872330
6893.979841 5994.471003
6873.872748 5956.069676
6853.765656 5917.668348
6833.658563 5879.267021
6813.551470 5840.865694
6793.444377 5802.464367
6773.337285 5764.063040
6753.230192 5725.661713
6733.123099 5687.260386
6713.016007 5648.859059
6692.908914 5610.457732
6672.801821 5572.056404
6652.694728 5533.655077
6632.587636 5495.253750
6612.480543 5456.852423
6592.373450 5418.451096
6572.266358 5380.049769
6552.159265 5341.648442
6532.052172 5303.247115
6511.945079 5264.845788
6491.837987 5226.444460
6471.730894 5188.043133
6451.623801 5149.641806
6431.516709 5111.240479
6411.409616 5072.839152
6391.302523 5034.437825
6371.195430 4996.036498
6351.088338 4957.635171
6330.981245 4919.233844
6310.874152 4880.832516
6290.767060 4842.431189
6270.659967 4804.029862
6250.552874 4765.628535
6230.445781 4727.227208
6210.338689 4688.825881
6190.231596 4650.424554
-5784.361493 -4467.260753
-5669.030954 -4527.648297
-5553.700414 -4588.035842
-5438.369875 -4648.423386
-5323.039335 -4708.810931
-5207.708796 -4769.198475
-5092.378257 -4829.586020
-4977.047717 -4889.973564
-4861.717178 -4950.361109
-4746.386639 -5010.748653
-4631.056099 -5071.136197
-4515.725560 -5131.523742
-4400.395020 -5191.911286
-4285.064481 -5252.298831
-4169.733942 -5312.686375
-4054.403402 -5373.073920
-3939.072863 -5433.461464
-3823.742323 -5493.849009
-3708.411784 -5554.236553
-3593.081245 -5614.624098
-3477.750705 -5675.011642
-3362.420166 -5735.399186
-3247.089627 -5795.786731
-3131.759087 -5856.174275
-3016.428548 -5916.561820
-2901.098008 -5976.949364
-2785.767469 -6037.336909
-2670.436930 -6097.724453
-2555.106390 -6158.111998
-2439.775851 -6218.499542
-2324.445312 -6278.887086
-2209.114772 -6339.274631
-2093.784233 -6399.662175
-1978.453693 -6460.049720
-1863.123154 -6520.437264
-1747.792615 -6580.824809
-1632.462075 -6641.212353
-1517.131536 -6701.599898
-1401.800997 -6761.987442
-1286.470457 -6822.374986
-1171.139918 -6882.762531
-1055.809378 -6943.150075
-940.478839 -7003.537620
-825.148300 -7063.925164
-709.817760 -7124.312709
-594.487221 -7184.700253
-479.156681 -7245.087798
-363.826142 -7305.475342
-248.495603 -7365.862887
-133.165063 -7426.250431
-6769.609036 -6348.925781
-6749.501943 -6310.524454
-6729.394850 -6272.123127
-6709.287758 -6233.721800
-6689.180665 -6195.320473
-6669.073572 -6156.919146
-6648.966480 -6118.517819
-6628.859387 -6080.116492
-6608.752294 -6041.715165
-6588.645201 -6003.313837
-6568.538109 -5964.912510
-6548.431016 -5926.511183
-6528.323923 -5888.109856
-6508.216831 -5849.708529
-6488.109738 -5811.307202
-6468.002645 -5772.905875
-6447.895552 -5734.504548
-6427.788460 -5696.103221
-6407.681367 -5657.701893
-6387.574274 -5619.300566
-6367.467182 -5580.899239
-6347.360089 -5542.497912
-6327.252996 -5504.096585
-6307.145903 -5465.695258
-6287.038811 -5427.293931
-6266.931718 -5388.892604
-6246.824625 -5350.491277
-6226.717533 -5312.089949
-6206.610440 -5273.688622
-6186.503347 -5235.287295
-6166.396254 -5196.885968
-6146.289162 -5158.484641
-6126.182069 -5120.083314
-6106.074976 -5081.681987
-6085.967884 -5043.280660
-6065.860791 -5004.879333
-6045.753698 -4966.478005
-6025.646605 -4928.076678
-6005.539513 -4889.675351
-5985.432420 -4851.274024
-5965.325327 -4812.872697
-5945.218235 -4774.471370
-5925.111142 -4736.070043
-5905.004049 -4697.668716
-5884.896956 -4659.267389
-5864.789864 -4620.866061
-5844.682771 -4582.464734
-5824.575678 -4544.063407
-5804.468586 -4505.662080
-5784.361493 -4467.260753
-1118.412606 -9307.915459
-1098.305514 -9269.514132
-1078.198421 -9231.112805
-1058.091328 -9192.711478
-1037.984235 -9154.310151
-1017.877143 -9115.908824
-997.770050 -9077.507497
-977.662957 -9039.106170
-957.555865 -9000.704843
-937.448772 -8962.303515
-917.341679 -8923.902188
-897.234586 -8885.500861
-877.127494 -8847.099534
-857.020401 -8808.698207
-836.913308 -8770.296880
-816.806216 -8731.895553
-796.699123 -8693.494226
-776.592030 -8655.092899
-756.484937 -8616.691571
-736.377845 -8578.290244
-716.270752 -8539.888917
-696.163659 -8501.487590
-676.056567 -8463.086263
-655.949474 -8424.684936
-635.842381 -8386.283609
-615.735288 -8347.882282
-595.628196 -8309.480955
-575.521103 -8271.079627
-555.414010 -8232.678300
-535.306918 -8194.276973
-515.199825 -8155.875646
-495.092732 -8117.474319
-474.985639 -8079.072992
-454.878547 -8040.671665
-434.771454 -8002.270338
-414.664361 -7963.869011
-394.557269 -7925.467683
-374.450176 -7887.066356
-354.343083 -7848.665029
-334.235990 -7810.263702
-314.128898 -7771.862375
-294.021805 -7733.461048
-273.914712 -7695.059721
-253.807620 -7656.658394
-233.700527 -7618.257067
-213.593434 -7579.855739
-193.486341 -7541.454412
-173.379249 -7503.053085
-153.272156 -7464.651758
-133.165063 -7426.250431
1101.208059 1807.139493
874.452614 1907.923392
636.670869 1978.883013
391.767195 2018.853202
143.762902 2027.177650
-103.269787 2003.719669
-345.274600 1948.864439
-578.277826 1863.512681
-798.453558 1749.065868
-1002.186516 1607.403215
-1186.131412 1440.850817
-1347.267875 1252.143461
-1482.950049 1044.379717
-1590.950036 820.971058
-1669.494479 585.585850
-1717.293682 342.089110
-1733.562781 94.479049
-1718.034640 -153.178583
-1670.964230 -396.817254
-1593.124445 -632.436425
-1485.793413 -856.167235
-1350.733506 -1064.336031
-1190.162404 -1253.524686
-1006.716681 -1420.626728
-803.408510 -1562.898346
-583.576205 -1678.003445
-350.829407 -1764.052001
-108.989812 -1819.631099
137.971581 -1843.828133
385.999672 -1836.245788
631.021846 -1797.008565
869.014848 -1726.760739
1096.070838 -1626.655777
1308.461563 -1498.337400
1502.699573 -1343.912592
1675.595485 -1165.917005
1824.310354 -967.273320
1946.402286 -751.243261
2039.866533 -521.374037
2103.168417 -281.440093
2135.268521 -35.381138
2135.639763 212.762546
2104.276047 458.916447
2041.692364 699.038726
1948.916338 929.186580
1827.471346 1145.580988
1679.351514 1344.668761
1506.988964 1523.180882
1313.213885 1678.186187
1101.208059 1807.139493
