868.570750 -1406.811681
-4335.740061 940.921248
-2115.632237 -1615.176090
1391.170762 1417.305425
3493.325179 -828.192173
-555.488244 122.594773
109.131274 2971.843697
-1169.392449 296.286734
-3252.706850 -1517.768438
240.166169 -288.635341
-4615.287773 -3001.342866
1916.792419 -2593.077166
-746.926742 -709.224652
4679.645049 -3074.587927
2273.332941 2537.238306
3632.716580 -1121.964995
1640.607691 2240.568721
4302.603197 -1826.663840
-3867.964394 -698.563948
3501.814520 2751.061647
-870.729197 2973.526946
-2409.904465 957.516251
2416.592048 -2828.925971
-137.039598 -3008.616436
4391.748773 1792.346269
2724.472927 916.818498
-3708.351819 -1282.757403
-719.861577 -1713.047403
-2235.590387 -993.876263
-1084.891772 -1956.407622
4581.537865 754.865295
782.269269 2443.130812
-1968.437616 759.310174
-836.215022 -2621.772714
620.107804 -2992.812421
943.856040 2107.998878
4529.541443 2933.255951
-3363.704725 -835.197504
844.725099 968.925249
-947.875941 -3042.144235
-3551.341676 -3287.041291
3269.040121 522.891213
-3319.938139 2504.576114
684.796810 -1341.211247
-4787.109996 2360.941213
-2612.325602 -301.728210
-4008.133446 -581.184507
-2383.925828 473.141040
1612.900438 -2255.415413
-835.619044 404.582197
-1277.669747 1334.195507
4366.019129 216.951463
-1164.456892 1300.366316
-602.505747 -1534.485908
964.832952 -1426.221643
2979.307981 127.505381
3215.392255 753.513660
2914.733964 2459.045786
-3592.528475 241.054357
-3691.985448 2975.663113
-3418.528733 -1163.535570
-3140.620460 -1551.676394
2874.008636 964.371453
-2193.079067 -2726.081865
-4328.098586 1205.190945
2039.057885 -104.622541
3002.246375 -1257.523446
-1858.991676 -2610.255824
-1058.360990 -1708.017174
1298.863528 -871.882250
-685.194058 146.004716
4288.124571 1348.602431
4637.859534 -31.197893
1994.072684 1801.179859
1991.560841 2214.524435
4793.214002 279.777046
2836.706562 -1014.790517
-2936.094915 1039.637237
-59.116264 -2953.798656
-1769.457045 1199.486396
-3952.736308 -2545.925415
-2936.623798 -2985.838580
694.899612 -3193.301640
827.377027 1422.051720
1808.302700 -544.264411
-347.490417 -648.471673
2289.305652 -2053.064685
-1915.916842 -714.529790
4801.576069 2536.178794
3999.255907 -1929.884578
-3064.862778 -1267.056791
4940.691288 71.126587
125.297638 -2757.010846
212.964906 1082.902373
-1939.385973 -1005.215633
4190.146413 2053.826090
-4109.380058 285.404995
914.280991 2301.997639
2552.137883 2203.348198
4695.829618 1571.439494
3694.219730 2824.389284
3812.114162 2818.202282
4387.637473 -388.519089
-4791.350801 3043.027283
3019.222029 -1535.978751
-4839.083216 -2041.012751
1176.947481 -1482.297679
-845.979331 2415.375950
1006.041436 821.645368
1723.893519 652.711922
4488.119868 -181.937998
395.984172 -938.229801
1360.862646 -1312.002066
3127.654892 -1206.556437
1573.737939 -2489.841192
3457.414486 -2416.120744
3481.194117 1656.133242
-1015.617522 -2196.143933
2901.062727 1762.517954
-4717.189076 -381.702317
4878.882985 -688.689316
3874.416122 2864.500164
2160.101623 478.992707
4811.237127 -732.222529
-2809.212465 -2976.243175
2109.366879 2611.715143
-992.878439 1635.478503
-1375.328470 -2329.548096
-3073.702229 2888.632990
1414.138171 3043.369948
1934.022340 2996.102275
-2769.829993 2281.219250
-3935.304670 426.923157
-2124.764218 334.694901
2820.440561 1757.561768
-930.468313 -130.454996
-3366.574050 2499.631860
1639.070839 -1704.475349
-1609.512990 -457.400665
2743.715908 -2807.498732
1572.651042 1767.942382
4315.412281 3216.984669
-3482.016213 -2688.601670
4291.228220 -810.818696
-3887.199546 -2226.222851
-1693.561569 445.344675
-520.443365 1497.763134
-1836.650823 -702.834230
-1707.801459 1517.408651
-2182.832551 51.009727
-3028.933180 -2193.733321
-4317.220360 -2615.509808
2776.722031 -1639.819571
-4337.004389 -2077.669909
3902.837512 -1371.283345
-62.964745 793.096946
724.955729 -2842.813900
323.720491 -773.537373
2308.001065 1381.378425
-1345.904777 3220.566487
-4273.858864 -2082.603246
408.161154 -1662.028495
-4919.674734 -3106.490014
557.328819 -2699.064648
-135.592421 3184.942506
772.002114 -146.906792
-2600.355901 -2955.067529
1230.759497 550.092151
-945.580862 -1205.903104
4111.110033 1189.546044
4294.548081 1638.940859
-3772.615677 -1379.776276
-924.968956 -1359.620692
4405.472024 2300.805937
1659.935482 -1079.315089
1801.221876 2723.793386
-1814.230372 -2294.523970
-4756.864627 1813.495978
-3913.331702 -2104.981002
3958.566938 -2662.546255
1825.998734 -3098.190056
1510.030514 -2315.645729
3643.441919 359.576925
-3847.045034 -2.341669
-548.434716 -2189.071422
2592.110367 2298.104330
561.625475 -2197.717476
-964.933663 -2069.350731
3286.153444 -1380.332812
772.887851 -2039.285294
-4900.635218 2464.358308
-3158.274620 177.994751
1458.130792 -690.404462
-921.093718 42.670657
-4788.619330 2968.155462
4569.961539 1400.992453
3176.650995 -1515.725164
3281.093139 1132.935092
1164.047469 27.065358
829.933118 -2749.237464
1439.860116 -2716.427337
2338.376547 -1525.563397
4702.866730 2733.578079
2658.361704 -1168.623608
-4339.666502 -1061.362516
218.717594 -1313.953735
3284.735859 -2492.603885
-1905.842079 2978.163073
4640.119162 461.843105
4159.287871 -2276.544785
-4339.769020 1970.453150
-4181.052768 234.646853
1195.467132 70.390595
583.232598 -1452.738696
-4914.801408 -1047.082695
-997.069598 2388.287181
78.538395 1281.475254
3823.648042 -3275.235946
4323.325680 3098.802851
-86.275252 2573.258830
-3682.266893 2978.846693
3484.715538 -3090.075251
3406.397413 994.487755
2490.909528 -1907.868763
4767.158165 -1884.474144
496.523985 742.827073
-801.031468 -2494.972663
-898.857204 -3243.598513
-1465.860079 2919.884615
3612.007365 -427.457926
314.678248 415.136401
4932.012686 -558.759739
-4947.612789 -1584.709744
128.668569 -3219.135532
-1930.781551 3239.339289
-615.629646 279.352197
-657.158128 3036.949464
-3720.631135 -850.472801
3138.109252 1465.248479
-190.817808 575.956405
-4598.124444 -2504.893813
426.420332 -2516.849021
-4148.236261 -2515.262370
-2276.627083 860.256743
1674.480461 2866.969611
-2159.715043 -832.206457
73.716812 2021.015717
3503.314421 2838.111387
-2897.274182 1633.844607
45.276682 -1782.981778
-2605.308244 -1549.108931
318.704151 2024.309836
-2547.970603 2557.199270
-2848.935094 -2245.952875
-3043.279788 2156.984644
-3313.846534 -2568.462327
1785.888662 770.533291
-3395.105685 -191.001164
-4905.686765 1173.335794
738.285343 -2086.571223
2298.817990 -528.180136
-4859.410571 2973.645451
-954.387660 -2009.854206
4116.273940 -613.388844
-4368.757211 653.906004
-3590.262651 1741.369624
886.127966 -361.645794
3453.256515 671.809216
-4559.508143 701.261854
4735.943248 -2098.039406
-3501.207128 2719.861844
780.916299 2780.071787
3158.733850 -1144.258597
4434.009265 -1698.391678
-2619.884543 -1312.070710
-1478.467109 -408.326088
748.546519 -3109.364271
-815.126847 2475.830466
2283.827210 2735.369498
2198.134514 2593.097431
3923.071735 -3023.967508
-96.669363 785.065749
-4592.384641 -405.492965
2737.955313 -748.444386
4195.415392 800.258618
1686.715806 3107.600680
-3151.989969 315.119477
-3584.813280 3063.348300
1943.140197 1291.285979
3576.183692 -537.731691
-2897.397454 -1220.275932
-328.785245 2005.473118
1472.609741 2243.160902
-3397.600158 772.933218
4026.859004 271.401223
4527.230016 -1897.529079
-536.749783 -702.488069
4571.047588 204.878458
-1446.121371 -1793.620280
1602.235206 -2706.722435
3602.060562 -1342.467407
-3897.852438 1729.006643
4633.412522 -582.228503
-2295.410727 449.568564
4499.687093 -163.993838
-2351.178578 -444.986417
423.525167 2488.264741
-1277.655160 2236.395357
-3319.846409 -2014.764100
1530.778638 2340.155866
622.354478 1444.252681
2827.952853 2143.558841
3100.904395 1933.140090
1798.824463 -2882.496535
-3290.331631 -3181.795419
-3021.148494 -1454.497949
-656.910328 2116.996559
-4299.607100 -2022.192429
-2684.052088 -938.716605
1182.894903 -3211.289998
-3972.582444 492.355705
3702.118437 -918.055431
-871.787724 -2147.050291
-1371.691171 2338.532029
3754.807929 -3138.375257
3684.568579 -1856.370923
-2005.179209 997.015950
998.814782 1429.297292
2417.598140 2935.351560
-4144.950510 431.558472
-2236.595954 1081.195599
-3105.277642 251.795526
4201.151996 2962.364898
-433.894532 -1239.324792
-4455.827938 -2033.704977
1585.038860 -2874.769500
487.527285 -917.504772
-2374.837495 3036.353944
-3329.710636 1353.201998
-746.938553 1888.275298
1954.257398 -2888.270298
446.231681 -1662.182105
2506.937158 -2159.901287
-3612.721793 841.712247
-1263.920697 1170.161961
1313.008811 -1066.347565
-3853.081766 2547.685722
-2569.102749 -2320.741623
-4084.661245 -1243.822026
3766.190660 1549.727906
-2583.652139 -441.381827
-2356.772077 3145.204485
3198.949279 1521.431401
-1638.275800 2410.248634
-3390.138484 -1719.811789
-3251.830844 2442.874875
-2488.784306 3171.937705
1843.821926 -1825.607358
-4105.197376 -1250.463014
-3068.244063 -2037.277710
-4140.268653 -464.492967
-4607.867091 1259.086804
-2626.317029 95.257133
1055.533533 2296.382915
1053.790055 -3246.860646
-2137.375402 -2118.178520
-1982.923969 -482.340210
-2945.328369 -2546.850486
-2449.426092 -1985.355409
1125.072225 -734.652978
2081.228025 -196.467897
-2576.701295 30.929531
2447.515951 1575.357202
4810.816912 -1013.086170
-4049.520205 2977.311665
-647.416094 -1733.287340
1480.138058 238.769255
3430.060484 1571.167167
-2316.751570 3233.164775
4905.040662 690.940049
4111.627829 -1215.779105
-2330.642212 361.625491
-1928.541525 -1301.641688
3566.879166 -1394.149235
-2332.655950 -795.648523
1732.714654 2064.048659
-2338.839876 -242.182813
-2186.103836 -1252.405242
-915.255310 497.774021
2318.508334 467.891952
-503.056970 -89.329150
1329.780125 1651.617746
-1740.847468 -2920.180563
2508.743222 2740.533068
284.085720 -2099.858466
-2411.029916 2341.784207
-2763.979087 -2502.717451
2192.314237 -665.703637
4562.521685 2015.975160
-3052.782842 266.963524
-4678.527112 3222.608487
-3183.483102 816.442146
3805.647889 2949.394031
3886.381812 1326.821341
-3080.464425 -1774.362093
3605.588982 -86.844600
-1452.874071 1366.086472
-1925.715524 -466.799621
667.125109 -724.335717
-941.103746 536.642963
3104.638579 717.076458
2065.979899 1891.185669
-1437.721995 1130.596084
-4385.008626 423.666012
1740.999180 1666.246226
-242.354539 772.688192
-3652.355126 3097.040578
4022.157549 -1472.879438
-4154.920359 2260.522907
-4348.844151 -1654.978370
808.894506 -2881.491318
-4034.761371 1781.654918
-2700.031649 -2463.921926
-1877.763801 -2088.402407
-4009.214608 2358.746543
-3860.298352 -1092.333548
1107.955062 -229.858470
3181.566535 -846.545674
-397.149693 -318.098802
-115.671939 81.457311
-3976.783040 -2670.913818
-1809.010107 -2062.603699
-1745.836249 -567.170189
-4931.613571 1474.780740
-2529.960266 2100.070425
-2571.340760 2824.336773
3499.833928 270.735184
-619.310275 -904.647869
-2004.488891 2121.387991
-4938.576811 -1245.492954
4487.322220 -598.647742
4627.846775 1489.000086
2498.976746 -2961.363808
1612.990145 -2949.143333
2534.878342 -1340.672480
2055.640513 240.294975
4882.922123 -723.552778
2414.368042 2154.824837
3622.135813 -2467.451618
-598.694916 -2459.859236
253.031707 -2767.376390
2036.210185 -2981.494395
-4233.920858 1969.441667
3492.606938 -248.490138
-1411.970242 -1853.692213
1793.133005 2802.581987
4297.618326 2757.998914
2259.440773 1072.700094
3810.166882 190.139853
3602.646960 3082.219397
-3428.790937 -39.603976
3489.070161 -1976.244076
-2202.779869 -1500.304605
2499.822740 -2468.955752
-2184.735597 -117.416781
-3936.415142 -2215.617269
-376.556651 -2649.220445
-2855.326205 2142.508877
2857.965931 1384.922822
-91.169149 489.409387
-1791.308242 1500.475613
-2705.129139 529.473760
-3154.785068 2355.403908
4308.700726 726.902252
-3451.681635 2564.825461
848.946210 3238.501056
4416.224760 -301.775994
-2716.923865 1090.441542
-3286.131620 -300.021509
1380.737304 2929.383239
-4165.012009 -1551.203455
-4820.347852 -59.157973
-3499.060040 1134.025287
514.930570 707.787989
-4135.769086 1703.639993
-4013.129248 -1022.110913
-2274.016911 -1376.882742
429.186245 107.323416
1405.920989 1213.207653
-483.645801 -1159.090180
3313.132844 -637.350687
4417.465978 -551.177845
1368.423763 413.184270
-3086.773671 -2534.568950
-1498.303578 -1993.393252
-1000.901561 -1370.705419
-580.982766 407.877281
4334.896164 -2596.865602
-3958.590984 1627.574813
2146.521730 -1983.878659
-2190.934851 -3071.816630
-3912.268971 3154.236515
-772.609769 773.754528
-876.742307 2012.141321
-4865.965874 -2273.700856
-1341.962090 351.053460
-4305.784756 3254.905319
-4391.209116 2846.078729
634.840965 -3074.984777
2536.233867 1641.693306
-2256.293112 -3104.503801
-3057.751974 -2414.779541
261.509426 361.708107
-747.568954 3068.984433
-620.056541 3124.837421
1458.277576 -1057.092941
-3475.695857 -628.917557
-2845.993741 -257.519171
-1173.429836 -3125.574368
-2002.083162 1850.124505
-865.599515 -2939.512735
599.153943 -1681.836774
1859.643187 1781.974545
-665.708026 -2004.894521
4786.326638 872.987092
1867.443602 -1447.773876
4426.741300 -467.882837
-2966.763034 930.537485
-1128.173233 -3139.378510
1033.919721 -1180.056006
716.037548 1534.626337
677.245406 -1357.148116
1955.274314 3168.857153
-1172.485491 -563.603336
-4632.776317 -672.388257
1558.435963 -2721.198472
1209.189259 -3068.980520
4863.698818 -1750.829079
3180.755517 789.334570
1745.200325 -1813.474346
-1856.732896 1952.437482
-4931.337249 -887.433756
4313.635292 -2877.867599
1389.694145 -367.155932
399.270361 -156.314333
-4227.692602 -2410.505383
3817.082838 1683.177986
-3692.099196 1625.818208
-4851.232427 449.896114
4116.253310 -1680.162662
-3541.725165 375.766382
-3940.767358 388.170514
-1431.719327 -34.787043
895.062112 -2401.131745
-2576.131078 1154.241892
-2108.972254 1634.320950
-786.017818 881.331560
869.473526 1717.390885
4840.738753 1783.036404
-4850.395385 1228.889611
-2420.009158 2164.894501
-2002.065016 2835.677412
2030.682435 -1405.909780
-3216.492489 2478.990088
-4066.075275 -2523.226329
-200.842239 -634.947282
-4912.357424 2132.628754
-2141.431570 -579.478740
-1874.365860 -652.098845
4019.595216 -585.896990
2435.651982 1095.652479
-3532.928463 3054.987044
-3967.483363 1114.672945
495.622574 2266.842583
-3603.916517 2854.340030
-1016.830273 -569.149057
-920.811293 -544.130052
-4448.776743 1322.575028
-442.825820 -3213.215617
1295.809054 2748.394133
-66.618815 1077.241609
-3121.834598 2019.093196
3039.394358 2672.119409
2135.348715 -288.466803
11.090590 606.202825
-959.511095 3220.370182
2064.571400 -681.643791
3347.320254 -348.507525
-1191.791002 2647.169863
-1762.023626 218.424766
1736.227007 -3115.853197
1932.951730 -1900.769525
1776.085527 -3170.646814
-1653.689164 1538.605164
3277.135169 -1744.023518
-2347.516753 908.240825
-3878.487167 -1009.549096
-1278.133490 -2074.764523
-1637.887297 423.115801
-1882.114449 2541.993027
-2941.219729 405.970166
2570.448841 -1599.300303
-3730.037212 2871.168667
-1060.161232 -1517.949993
-3774.300659 -2629.813691
-626.372005 -900.082402
2416.794461 -187.905186
-515.612562 2252.587912
977.630188 -2126.028093
1503.696895 -86.968804
-2591.603396 1248.159901
3475.110506 -333.400367
1732.003997 477.443587
168.471436 3062.811172
-4030.138471 -2735.764420
3997.264878 137.919644
-1458.829624 -1545.766464
-3483.850578 1401.533470
-3680.477730 -1238.688085
1709.497919 3050.738740
-3925.947266 -1961.761298
-4000.586269 -2942.041386
-1531.467365 1499.128947
307.494965 -1678.897111
4812.611567 -1067.514395
411.017590 -1700.746429
-394.803705 619.647619
3466.660511 1594.118649
-4132.723255 2437.902138
-80.842294 284.113883
-1109.811053 964.746915
4689.150735 1595.771395
-4863.508096 -2712.112978
1152.175252 782.262467
-3073.960465 690.947727
3433.784106 -2325.870888
-4700.963053 701.724226
-311.407471 -284.172125
1236.838281 259.027974
-4028.595609 -3084.703570
245.987754 -532.335563
-3381.015035 -705.708108
3415.506543 -648.221570
-2382.443533 -3172.432365
4143.606184 -1925.529318
4113.517220 -2933.276854
-3425.445555 -2767.755325
4817.888245 315.268801
609.668031 -2152.671008
-4880.583921 -1540.262837
4906.630308 1913.232054
1295.363443 2956.052364
-4864.970781 1936.156710
-255.839719 -2937.325964
580.251585 3106.707240
-2494.085307 2550.741914
-4117.832800 -3015.968367
264.205396 -3103.775981
-731.310218 591.437723
3612.897114 637.574874
-1634.014913 608.749358
-2731.857346 -1820.291912
58.520549 -1763.777542
-3076.389333 1356.179496
3865.588265 -1548.158342
2960.492878 84.156679
2592.108606 637.253667
3009.472402 -2477.143154
-1048.823209 326.794095
-3395.939937 -561.906611
-3110.473400 1642.051153
-4896.435839 3116.331829
2715.157710 -134.772698
-1610.186223 1110.516008
4495.088844 389.765579
424.589079 -932.553299
-4758.168298 -2499.717481
371.371165 2790.517711
-4118.904299 -1196.578927
-2769.326659 -163.678400
4489.520175 1058.956451
-2185.733516 1094.557681
3250.275732 -390.822349
1082.577123 1828.973074
-3994.669058 1526.617979
3448.788780 -1481.180391
-3831.134675 -1353.680128
4697.727782 2183.150407
4549.581542 2735.535226
-56.883618 -2395.087950
-558.770579 -2701.144241
-3540.094260 -863.884292
3117.288008 -1993.600020
4621.896754 2015.931037
2847.342655 2650.888371
-3290.786034 1653.113638
4018.003570 2396.763520
2615.820063 2229.091682
462.135849 1962.954967
1458.127712 -1364.852532
-2742.144279 1553.762578
-399.153524 2490.851444
-1359.335867 1272.745895
2042.466406 1054.673232
3246.067068 -342.850542
1796.554964 759.940155
3068.519167 140.492019
-2646.208616 -1410.912423
-126.257215 2186.244535
1559.469065 -134.616039
4591.643571 1332.827460
-1390.213536 -2222.468521
-3721.835764 164.053704
-4102.947383 -1768.428224
3499.028728 -2900.941223
239.423504 1583.132683
4417.025728 332.613096
-2649.299279 1863.819898
-1411.823730 -1510.096517
-2170.966093 2816.399087
-33.609986 2578.218751
-508.525993 -1635.781764
-2185.808369 -819.486746
3001.830890 -256.496219
4826.288533 -1220.879148
1184.907211 2228.252837
3636.900894 1874.013368
1350.273142 -3176.834031
1890.844029 -825.197682
770.749389 1021.877383
4398.116944 -2290.461378
-4819.197595 661.548621
-2530.347745 2498.758816
-4944.669380 1203.915102
4830.303912 1121.690710
-4609.360811 -1380.764904
3182.891421 -2253.511586
-3374.420234 1933.942685
-2177.504384 -99.314519
1697.381758 -2877.038663
4859.707246 -3243.845788
-2948.884347 -3156.908432
1631.393443 -1548.695115
28.704850 -1545.152137
2990.102489 -1624.707719
-835.384914 -1398.303086
3641.666142 -2572.805559
-3911.718619 -1525.602035
-1394.838469 317.127375
4830.482865 -1844.713844
-2256.720726 -1904.726603
2059.940793 -574.692159
2421.941417 -2780.392278
1593.472779 528.686299
-2373.634236 -773.952653
296.908906 1960.811718
-4059.990594 1091.232242
3042.568163 1781.322294
-1795.141690 -2435.752166
-1832.276124 -2515.188811
-1248.085749 -725.110260
-594.453627 -2645.977898
259.422652 2253.756906
3733.195343 22.852952
-67.804943 1735.225352
-1363.274290 -1357.435196
187.426492 -765.893588
2817.188818 -2033.661418
-1798.407539 63.204004
-986.866965 2135.388156
1999.192294 -1984.147627
-2830.522517 910.750874
-3574.895747 -2206.824781
-3552.533950 -3015.569697
2215.267725 229.363987
1868.611751 2613.268550
-477.886774 -552.159098
3767.438286 -1969.724510
-4157.131692 124.970277
-896.435168 2759.052638
3530.010718 797.808725
1915.485236 2206.511941
1269.929183 3120.470124
-934.716033 -2530.709009
1845.022377 2231.660853
2285.510173 183.627047
-4266.343741 3156.001292
2879.470048 2370.015827
2015.519696 2896.992944
-3703.336485 -988.819524
-1259.374619 -1932.610380
3149.319539 2630.510110
3978.292369 184.564049
-3463.033488 2853.308346
-591.462684 789.595943
-2324.800167 -981.347801
4823.679777 -526.958086
-3708.596378 -1903.128501
-354.439800 2726.479542
-1762.258037 -3024.929963
-3968.918056 -571.968852
-25.227561 -1768.784757
2288.290930 -2414.626801
4346.741670 -1426.319766
-2352.409290 1470.566655
-743.894226 3215.396443
-3809.101390 3131.438150
2824.082447 -2623.467324
-1826.904442 430.955516
2830.806260 2549.676942
1050.779376 3201.749587
1313.025633 -105.017822
583.030259 -1874.113348
-4819.277570 -2275.066865
-978.613871 -548.587383
-899.956280 2246.985950
2652.205378 3005.280178
461.527359 1592.296589
357.479711 -2911.948992
-594.417867 2259.536381
-1147.501868 -332.066825
2388.853097 -2749.368982
-1686.033445 928.140018
-4443.869127 1015.024222
-4397.687430 -2925.408031
2811.048960 -233.560790
7.539872 -1760.781865
-3034.534921 1835.970662
4826.228206 -1216.431715
-1514.610554 1678.490551
930.690770 -2374.192508
3243.214113 2503.550257
447.731914 -1907.065915
-217.464897 -1570.667819
644.365354 -1203.575219
-4269.186637 -2625.221469
-852.015081 669.789880
2136.778618 1942.896973
2571.276911 1860.632488
3574.575348 -2436.048065
3027.480195 1472.532265
-2969.229184 338.123057
1747.472852 -2654.293512
2910.616556 491.169216
650.924358 -2370.555633
-1060.217613 -1918.055438
1827.234364 805.655751
-2884.514342 -1064.141895
116.063632 -2645.151790
-3663.552008 3020.677078
32.220873 1742.881083
-4794.119600 3059.393404
-903.720323 930.845057
-4832.614753 -424.623942
3725.327994 -3281.989369
-4377.579517 -696.659257
-1580.288322 -2772.194397
-2725.258558 -1399.376656
4002.974864 1967.764629
-1319.359865 2822.797739
4543.126716 -445.786774
-2228.874642 -342.181417
-3542.149819 2347.164065
-3898.966903 2425.183754
1433.209211 1611.209832
-1751.256133 1991.667082
-2871.549563 -2348.665968
2170.313836 -869.999430
661.112676 -1499.436342
122.123870 913.655791
-822.077239 643.228898
-4094.010457 2451.815247
2187.095037 -3192.462111
4918.712083 -2493.896676
2061.457240 1748.680759
-783.745134 -2705.285438
272.887354 -1323.850703
2108.589058 -3171.359288
-3111.154359 558.046915
-420.279261 -2650.783890
1567.662340 92.825380
-2065.108687 661.755806
-1262.711938 -1174.599212
-1878.867741 -1195.394619
-3796.190848 -3115.254352
1660.646739 -346.167785
-4735.934512 3125.205830
183.777086 1236.672093
-1155.477023 2458.854347
199.278018 -1110.482778
-2021.317655 3221.458454
1675.862673 -1441.108734
4111.944355 1009.634240
-3205.222432 3050.851442
575.395426 -2762.273388
2037.007129 1631.469596
4378.356545 1773.747466
-222.105891 -1394.105744
-4644.066344 1127.910538
-3276.412139 -2029.640035
-947.019408 -83.101668
-3427.965397 -2259.245471
36.739452 -2816.256195
-3215.809843 -1656.595953
-3316.901188 2015.838583
-3155.077350 79.728166
1435.916544 -300.212638
-4121.032168 2842.165467
-2867.334418 3045.503189
-2864.144569 -2422.152559
418.258125 238.414340
3597.535995 1250.029261
-341.419645 -2015.551996
2188.679271 -862.928639
4358.965006 222.504716
-2576.753296 1415.493710
-2107.828893 -920.129439
-3920.196297 -369.158900
-2880.078422 1015.077417
4807.047710 2401.433858
4490.460108 -610.572362
-901.158885 -1509.482784
-4741.946594 1553.593856
2030.041334 -281.708208
1359.582463 -674.537530
-1227.927785 902.832502
1254.517718 2791.871483
-1664.724486 -3103.673130
4642.239715 -1727.907068
681.343963 -1822.919805
-1973.823875 -2128.351370
679.716797 562.696564
264.000576 700.978527
1765.766915 -1239.761680
-2980.794030 2953.879998
-2442.583446 -1152.257866
-4724.678678 2971.552903
-3441.163182 -1424.900344
2236.930869 -1629.452133
4492.269053 2113.400724
-4489.293194 -2488.494337
460.502251 1253.277029
-1810.808620 -1861.255921
3205.354542 2602.354816
2847.671010 -2668.819401
-3474.894216 -1002.273850
-3489.094433 -852.514829
-4252.758532 150.328228
-4736.082813 -1652.903582
-2869.145686 -1957.132837
1205.100548 -1650.925687
-2872.884006 1945.145506
-1154.258228 -2548.402045
-3330.968709 2872.025523
-2422.974118 1474.719989
-2020.691998 2455.143833
1597.949872 -3153.870450
4737.469206 -2690.451373
783.141517 -2548.272068
-672.793484 -1165.239605
-3898.991839 2925.726214
3980.722592 -2273.725987
-1103.933414 249.100362
-4038.959270 1325.183786
1891.411936 3004.762604
-1143.613828 -1628.283188
-736.620005 2723.788545
3337.714733 2582.530704
2688.227196 -186.957058
4501.848251 2655.873132
-1579.153047 -3225.578013
4705.930106 2710.195185
-932.400042 -1313.530259
4445.047897 -708.010258
-706.371552 -2740.890002
1311.012633 -210.988890
2072.306233 2589.419231
3038.414810 1517.819525
4906.579832 14.540224
-2009.281510 -283.322255
4171.685098 1957.099255
-95.419801 1794.879063
-2833.480217 -2114.837332
-246.754368 -2450.451965
-616.210969 370.060684
-1414.824142 -2048.579408
286.714119 2618.771604
1136.353683 1348.243263
921.563758 1319.384202
-4524.514150 3273.922350
-1024.673511 2756.618099
2572.093825 -596.802338
-4603.489557 809.935057
1094.642943 -2644.069364
777.532045 236.368194
1286.589680 2586.010330
-3471.797975 -513.426147
615.749079 -3048.152690
2036.945566 854.361404
-1469.981323 1137.159070
-453.183332 -2833.886559
-1441.813517 2165.646508
-4679.941774 2395.953453
3750.031861 -166.495988
3543.155275 -2939.712067
-1056.943083 1205.415219
-3789.250575 2187.896968
2368.539028 -692.847583
-4295.159479 -2628.998917
-4023.766248 -316.016803
-3776.562804 2672.776498
-4331.864044 -1575.519763
-835.089769 -1396.026518
-1069.720205 -2193.581102
-332.509711 -3128.635475
-4189.669259 -541.128958
793.977008 230.359044
55.143201 -1485.399868
-319.816989 -1050.162428
-4359.339817 -434.544439
-1737.939418 345.376444
1569.710690 756.218325
3185.704324 -3088.821141
3456.551933 -509.806893
-1473.103546 2559.191706
4024.269942 3064.542845
-3514.737937 302.256854
-2811.925145 -2951.092416
1798.457388 126.342353
-2496.644772 518.922559
-2317.212943 2653.807269
-3066.430461 407.109926
-1236.110844 -765.522960
3443.804135 -1758.137941
-126.653670 552.768998
-3454.328987 -62.514216
-2646.164889 891.427643
3458.588048 2312.491536
2378.468838 217.829878
4668.318012 1848.443759
1354.369316 -2981.683634
3510.059952 -1729.775796
1853.525880 738.647502
499.677322 -262.440255
3328.794081 2943.379831
-4841.633563 -2642.527721
-3451.274858 -1111.291856
3343.847197 -2102.553541
748.875801 2768.287363
3293.993963 2581.068423
1669.861867 191.245198
-911.459905 -765.805867
2069.739341 -2823.866447
-1050.836080 798.242322
-1866.634239 -279.286464
3099.241321 -207.261092
3021.060534 788.861275
-665.914529 -278.662507
4076.390983 -3070.924857
4196.434457 2408.416585
2147.571120 228.284369
562.588034 2912.485765
1325.054734 998.130701
-1751.139619 -2990.303788
-272.190891 -940.955636
685.247244 -2171.055852
2616.845803 3126.881351
-2073.560111 -605.716389
4922.617562 -1186.357534
1233.847638 -1687.212211
-3521.551863 3030.163344
-3039.211634 114.085489
1240.928283 -2295.221569
-3677.606242 -169.110323
-2445.137886 2939.978964
3317.127435 105.426122
3817.556156 -1445.296569
554.873421 466.519034
1822.926423 448.319390
3420.590968 -2021.608139
3691.861005 -1072.195135
-643.401596 197.803597
4353.343262 -2267.417807
-3998.165091 -1421.725794
-1998.762725 243.121954
3534.916117 -842.161023
852.112745 -1594.835824
-2076.112307 2063.958834
-965.673561 -14.439564
3309.819958 -1030.955873
96.802704 -1867.173511
-3507.154208 995.191893
-1989.462735 598.626098
1024.931849 1231.259805
-1165.110075 3192.789226
-3881.779399 2252.258723
-1489.828869 -471.387557
3677.587304 1438.731741
4596.909015 -2493.099780
1240.753820 2996.760357
-207.030646 -228.900071
1682.003762 730.082284
-1081.354599 2697.792910
-2306.177441 89.010238
-720.071007 2604.623945
-3718.173187 -3265.387009
-3033.356538 -965.596500
201.935088 -1811.301103
1592.575106 -2045.981778
-1988.510055 2068.680862
-2170.729436 -1358.921329
-212.222029 3049.016525
-1706.389434 -959.701989
2650.111606 797.505328
3909.115995 -2971.087324
-4878.138992 -2152.357985
4573.262771 -878.467684
-1534.565994 2545.747759
-527.737579 314.247170
1678.074449 2282.590992
3442.690052 -2450.176653
-87.088077 698.770725
2431.585866 2854.625021
4059.249142 1326.012327
870.833591 634.192453
-3348.770861 681.954617
2368.656399 431.557547
1683.286484 2701.613684
3222.706708 -939.145235
-3266.173926 -3113.818985
-1692.601591 2464.352787
2786.393065 -883.529999
-2997.186208 -2557.385050
4625.305999 -3149.419462
-1402.307763 719.377006
2949.901507 1783.628293
-886.239390 67.947391
-1094.086981 -2103.262198
-2421.706190 -3251.301581
1673.478098 -2132.152530
4252.955824 32.865806
-1804.002458 -1405.167897
-1859.618763 -107.237114
-2570.282529 -323.043834
3664.117845 2034.917269
-3997.301657 705.558873
4217.319987 -3173.477004
-1768.754465 -610.658048
1259.909002 1069.763495
-2074.427205 -1107.965204
4756.311371 -1571.253154
444.814769 519.722990
-246.005083 2573.733957
165.437684 -2424.595242
788.392199 -3279.252273
-2456.307942 -2646.044688
1932.566400 -3133.017871
1473.671614 -1018.614270
2800.294196 3108.779794
4185.140842 -1559.980917
-2587.962372 -1688.715383
-4361.617032 1896.929181
-3299.430075 -1556.577231
2551.412294 1843.380341
2966.216057 -922.617571
1492.673462 734.806039
-3869.313990 -1270.720538
844.014313 2998.750090
-311.428612 1569.955724
-4807.348959 1061.594786
3879.731381 2631.514745
-4647.231787 3022.581408
2457.759092 -2460.373130
-1414.914748 2525.414031
-3985.535840 1206.899047
3360.013668 -1091.000817
1774.432101 -372.726681
425.039457 -3101.755552
2493.081271 -18.745478
4288.466539 76.067032
-1213.231947 -635.283224
-4305.702817 -434.049402
405.868698 -2090.508513
-2174.522490 259.073402
2968.561303 900.101099
1773.512273 -156.677699
-3265.977524 -2267.307679
4632.658318 1305.193297
2193.091399 -327.789054
-2834.384081 -767.474930
-1314.627279 1716.154746
-785.600576 2144.384594
-658.921000 -875.856214
715.981374 968.855100
940.518841 -348.101128
-1969.092547 -2459.342469
-1570.179324 -1340.062884
3217.944516 -1550.982914
-1610.706720 3196.647535
-1517.561638 -1977.215827
