3244.441696 -1181.617655 0.188371
203.673746 -512.956102 0.188371
1069.565668 -6125.694278 0.188371
-326.838156 -3014.174101 0.188371
-625.838929 -5602.748505 0.188371
-514.448073 -3539.402741 0.188371
-799.169105 -5534.986022 0.188371
-650.283665 -3608.025496 0.188371
-779.062392 -3600.531595 0.188371
-895.039678 -3517.714082 0.188371
-1032.626708 -3540.434428 0.188371
-1156.127166 -3489.401993 0.188371
-1255.068954 -3430.521808 0.188371
-1388.875882 -3409.058982 0.188371
-1531.407814 -3403.128475 0.188371
-2234.102172 -3284.130193 0.188371
-2465.762248 -3372.976659 0.188371
-2514.363991 -3222.957480 0.188371
-2945.267797 -3234.966268 0.188371
-3029.196526 -3125.361495 0.188371
-3402.763940 -3052.479416 0.188371
-3730.113034 -3099.671395 0.188371
-5165.707715 -4298.978233 0.188371
-3941.708631 -3030.020921 0.188371
-4531.307899 -3504.211442 0.188371
-4074.335901 -2914.094552 0.188371
-4298.479700 -2884.141218 0.188371
-4295.052441 -2664.019869 0.188371
-4867.171057 -2789.719996 0.188371
-4425.106542 -2347.465056 0.188371
-5152.723340 -2729.716532 0.188371
-4320.456004 -2082.147472 0.188371
-5419.068729 -2615.015724 0.188371
-4470.136527 -1983.788400 0.188371
-5828.289547 -2582.991958 0.188371
-4464.902737 -1801.627420 0.188371
-4484.511766 -1633.088100 0.188371
-6502.224657 -2345.064630 0.188371
-4668.163011 -1511.848248 0.188371
-4707.525324 -1322.338574 0.188371
-4812.110185 -1176.293601 0.188371
-4947.465470 -1032.987296 0.188371
-7236.465418 -1507.596962 0.188371
-5117.439763 -889.989524 0.188371
-5327.393495 -744.689413 0.188371
-6943.109979 -971.315904 0.188371
-5999.614081 -631.538324 0.188371
-6349.455457 1809.253437 0.188371
-5648.883421 3547.774344 0.188371
-4922.643932 3557.007228 0.188371
-4617.080836 3601.323052 0.188371
-4157.601017 3493.539743 0.188371
-3779.031192 3423.035500 0.188371
-3554.092145 3447.202155 0.188371
-5092.791716 4947.283381 0.188371
-3358.814423 3490.018112 0.188371
-1127.550932 1250.110816 0.188371
-3129.030605 3459.741157 0.188371
-2856.183930 3393.244156 0.188371
-2559.294081 3303.815996 0.188371
-2410.400379 3328.648142 0.188371
-3293.726653 4540.001603 0.188371
-1622.769208 3673.769178 0.188371
-2082.269125 4657.707253 0.188371
-1573.768059 3841.845555 0.188371
-1891.352133 4647.322383 0.188371
-1487.466062 4078.535976 0.188371
-1715.381166 4663.692545 0.188371
-1407.022785 4270.437575 0.188371
-1324.967774 4598.417569 0.188371
-1151.369451 4554.305830 0.188371
-957.533934 4510.488794 0.188371
-803.027112 4517.027506 0.188371
-653.032168 4546.108553 0.188371
-493.134914 4462.870970 0.188371
144.444393 4357.405844 0.188371
290.930580 4388.202910 0.188371
445.939549 4201.219964 0.188371
546.010811 4026.829731 0.188371
666.820191 3889.784449 0.188371
690.394717 3313.894641 0.188371
785.881209 3776.595812 0.188371
1578.046249 6449.406410 0.188371
452.741880 1392.181280 0.188371
505.803232 1553.538498 0.188371
350.131427 893.756538 0.188371
481.304482 842.282843 0.188371
2045.286987 521.900817 0.188371
1973.367107 424.822086 0.188371
111.334145 -403.586276 0.188371
115.494318 -461.977272 0.188371
127.360923 -524.427329 0.188371
480.430648 788.631441 0.188371
325.690548 859.461168 0.188371
540.938864 873.094306 0.188371
66.431089 -1024.936794 0.188371
-672.369275 -899.788294 0.188371
49.637561 -1131.736395 0.188371
436.051637 1162.804366 0.188371
353.898681 1197.010244 0.188371
20.834371 -1250.062273 0.188371
383.993004 1327.518670 0.188371
10.975556 -1382.920019 0.188371
508.757102 1433.770015 0.188371
430.763281 1478.565858 0.188371
-902.153245 -1226.003128 0.188371
-11.610913 -1532.640537 0.188371
456.771693 1641.909060 0.188371
-49.384501 -1703.765299 0.188371
1841.940622 434.171718 0.188371
486.818001 1828.856813 0.188371
-79.202248 -1900.853940 0.188371
2051.725906 537.693686 0.188371
521.900817 2045.286987 0.188371
-113.651434 -2130.964391 0.188371
2110.184317 -240.759284 0.188371
