10541.580630 6367.856111
10496.183679 6129.715965
10450.786727 5891.575819
10405.389776 5653.435673
10359.992825 5415.295527
10314.595874 5177.155382
10269.198922 4939.015236
10223.801971 4700.875090
10178.405020 4462.734944
10133.008069 4224.594798
10087.611117 3986.454652
10042.214166 3748.314506
9996.817215 3510.174361
9951.420264 3272.034215
9906.023312 3033.894069
9860.626361 2795.753923
9815.229410 2557.613777
9769.832459 2319.473631
9724.435508 2081.333486
9679.038556 1843.193340
9633.641605 1605.053194
9588.244654 1366.913048
9542.847703 1128.772902
9497.450751 890.632756
9452.053800 652.492610
9406.656849 414.352465
9361.259898 176.212319
9315.862946 -61.927827
9270.465995 -300.067973
9225.069044 -538.208119
9179.672093 -776.348265
9134.275141 -1014.488410
9088.878190 -1252.628556
9043.481239 -1490.768702
8998.084288 -1728.908848
8952.687337 -1967.048994
8907.290385 -2205.189140
8861.893434 -2443.329286
8816.496483 -2681.469431
8771.099532 -2919.609577
8725.702580 -3157.749723
8680.305629 -3395.889869
8634.908678 -3634.030015
8589.511727 -3872.170161
8544.114775 -4110.310306
8498.717824 -4348.450452
8453.320873 -4586.590598
8407.923922 -4824.730744
8362.526970 -5062.870890
8317.130019 -5301.011036
-7022.132189 9716.048460
-7067.529141 9477.908314
-7112.926092 9239.768168
-7158.323043 9001.628022
-7203.719994 8763.487877
-7249.116946 8525.347731
-7294.513897 8287.207585
-7339.910848 8049.067439
-7385.307799 7810.927293
-7430.704750 7572.787147
-7476.101702 7334.647001
-7521.498653 7096.506856
-7566.895604 6858.366710
-7612.292555 6620.226564
-7657.689507 6382.086418
-7703.086458 6143.946272
-7748.483409 5905.806126
-7793.880360 5667.665981
-7839.277312 5429.525835
-7884.674263 5191.385689
-7930.071214 4953.245543
-7975.468165 4715.105397
-8020.865117 4476.965251
-8066.262068 4238.825105
-8111.659019 4000.684960
-8157.055970 3762.544814
-8202.452921 3524.404668
-8247.849873 3286.264522
-8293.246824 3048.124376
-8338.643775 2809.984230
-8384.040726 2571.844085
-8429.437678 2333.703939
-8474.834629 2095.563793
-8520.231580 1857.423647
-8565.628531 1619.283501
-8611.025483 1381.143355
-8656.422434 1143.003209
-8701.819385 904.863064
-8747.216336 666.722918
-8792.613288 428.582772
-8838.010239 190.442626
-8883.407190 -47.697520
-8928.804141 -285.837666
-8974.201092 -523.977811
-9019.598044 -762.117957
-9064.994995 -1000.258103
-9110.391946 -1238.398249
-9155.788897 -1476.538395
-9201.185849 -1714.678541
-9246.582800 -1952.818687
10541.580630 6367.856111
10183.137511 6436.186567
9824.694392 6504.517023
9466.251273 6572.847479
9107.808155 6641.177935
8749.365036 6709.508391
8390.921917 6777.838847
8032.478798 6846.169303
7674.035680 6914.499760
7315.592561 6982.830216
6957.149442 7051.160672
6598.706323 7119.491128
6240.263205 7187.821584
5881.820086 7256.152040
5523.376967 7324.482496
5164.933848 7392.812952
4806.490730 7461.143408
4448.047611 7529.473865
4089.604492 7597.804321
3731.161373 7666.134777
3372.718255 7734.465233
3014.275136 7802.795689
2655.832017 7871.126145
2297.388898 7939.456601
1938.945780 8007.787057
1580.502661 8076.117513
1222.059542 8144.447969
863.616423 8212.778426
505.173305 8281.108882
146.730186 8349.439338
-211.712933 8417.769794
-570.156052 8486.100250
-928.599171 8554.430706
-1287.042289 8622.761162
-1645.485408 8691.091618
-2003.928527 8759.422074
-2362.371646 8827.752531
-2720.814764 8896.082987
-3079.257883 8964.413443
-3437.701002 9032.743899
-3796.144121 9101.074355
-4154.587239 9169.404811
-4513.030358 9237.735267
-4871.473477 9306.065723
-5229.916596 9374.396179
-5588.359714 9442.726635
-5946.802833 9511.057092
-6305.245952 9579.387548
-6663.689071 9647.718004
-7022.132189 9716.048460
8317.130019 -5301.011036
7958.686900 -5232.680580
7600.243782 -5164.350123
7241.800663 -5096.019667
6883.357544 -5027.689211
6524.914425 -4959.358755
6166.471307 -4891.028299
5808.028188 -4822.697843
5449.585069 -4754.367387
5091.141950 -4686.036931
4732.698832 -4617.706475
4374.255713 -4549.376019
4015.812594 -4481.045562
3657.369475 -4412.715106
3298.926357 -4344.384650
2940.483238 -4276.054194
2582.040119 -4207.723738
2223.597000 -4139.393282
1865.153882 -4071.062826
1506.710763 -4002.732370
1148.267644 -3934.401914
789.824525 -3866.071457
431.381407 -3797.741001
72.938288 -3729.410545
-285.504831 -3661.080089
-643.947950 -3592.749633
-1002.391068 -3524.419177
-1360.834187 -3456.088721
-1719.277306 -3387.758265
-2077.720425 -3319.427809
-2436.163543 -3251.097353
-2794.606662 -3182.766896
-3153.049781 -3114.436440
-3511.492900 -3046.105984
-3869.936019 -2977.775528
-4228.379137 -2909.445072
-4586.822256 -2841.114616
-4945.265375 -2772.784160
-5303.708494 -2704.453704
-5662.151612 -2636.123248
-6020.594731 -2567.792791
-6379.037850 -2499.462335
-6737.480969 -2431.131879
-7095.924087 -2362.801423
-7454.367206 -2294.470967
-7812.810325 -2226.140511
-8171.253444 -2157.810055
-8529.696562 -2089.479599
-8888.139681 -2021.149143
-9246.582800 -1952.818687
9132.486862 2308.412429
9119.585093 2240.733236
9106.683325 2173.054043
9093.781556 2105.374851
9080.879788 2037.695658
9067.978020 1970.016465
9055.076251 1902.337272
9042.174483 1834.658079
9029.272714 1766.978886
9016.370946 1699.299693
9003.469177 1631.620500
8990.567409 1563.941307
8977.665640 1496.262115
8964.763872 1428.582922
8951.862104 1360.903729
8938.960335 1293.224536
8926.058567 1225.545343
8913.156798 1157.866150
8900.255030 1090.186957
8887.353261 1022.507764
8874.451493 954.828571
8861.549724 887.149379
8848.647956 819.470186
8835.746188 751.790993
8822.844419 684.111800
8809.942651 616.432607
8797.040882 548.753414
8784.139114 481.074221
8771.237345 413.395028
8758.335577 345.715835
8745.433808 278.036642
8732.532040 210.357450
8719.630271 142.678257
8706.728503 74.999064
8693.826735 7.319871
8680.924966 -60.359322
8668.023198 -128.038515
8655.121429 -195.717708
8642.219661 -263.396901
8629.317892 -331.076094
8616.416124 -398.755286
8603.514355 -466.434479
8590.612587 -534.113672
8577.710819 -601.792865
8564.809050 -669.472058
8551.907282 -737.151251
8539.005513 -804.830444
8526.103745 -872.509637
8513.201976 -940.188830
8500.300208 -1007.868022
9745.448651 2191.562763
9732.939227 2193.947450
9720.429803 2196.332138
9707.920379 2198.716825
9695.410954 2201.101512
9682.901530 2203.486199
9670.392106 2205.870886
9657.882681 2208.255573
9645.373257 2210.640260
9632.863833 2213.024947
9620.354409 2215.409634
9607.844984 2217.794321
9595.335560 2220.179008
9582.826136 2222.563695
9570.316712 2224.948382
9557.807287 2227.333069
9545.297863 2229.717756
9532.788439 2232.102443
9520.279014 2234.487130
9507.769590 2236.871818
9495.260166 2239.256505
9482.750742 2241.641192
9470.241317 2244.025879
9457.731893 2246.410566
9445.222469 2248.795253
9432.713044 2251.179940
9420.203620 2253.564627
9407.694196 2255.949314
9395.184772 2258.334001
9382.675347 2260.718688
9370.165923 2263.103375
9357.656499 2265.488062
9345.147075 2267.872749
9332.637650 2270.257436
9320.128226 2272.642123
9307.618802 2275.026810
9295.109377 2277.411498
9282.599953 2279.796185
9270.090529 2282.180872
9257.581105 2284.565559
9245.071680 2286.950246
9232.562256 2289.334933
9220.052832 2291.719620
9207.543407 2294.104307
9195.033983 2296.488994
9182.524559 2298.873681
9170.015135 2301.258368
9157.505710 2303.643055
9144.996286 2306.027742
9132.486862 2308.412429
9113.261998 -1124.717688
9100.752573 -1122.333001
9088.243149 -1119.948314
9075.733725 -1117.563627
9063.224300 -1115.178940
9050.714876 -1112.794253
9038.205452 -1110.409566
9025.696028 -1108.024879
9013.186603 -1105.640192
9000.677179 -1103.255505
8988.167755 -1100.870818
8975.658331 -1098.486131
8963.148906 -1096.101444
8950.639482 -1093.716757
8938.130058 -1091.332070
8925.620633 -1088.947382
8913.111209 -1086.562695
8900.601785 -1084.178008
8888.092361 -1081.793321
8875.582936 -1079.408634
8863.073512 -1077.023947
8850.564088 -1074.639260
8838.054663 -1072.254573
8825.545239 -1069.869886
8813.035815 -1067.485199
8800.526391 -1065.100512
8788.016966 -1062.715825
8775.507542 -1060.331138
8762.998118 -1057.946451
8750.488693 -1055.561764
8737.979269 -1053.177077
8725.469845 -1050.792390
8712.960421 -1048.407702
8700.450996 -1046.023015
8687.941572 -1043.638328
8675.432148 -1041.253641
8662.922724 -1038.868954
8650.413299 -1036.484267
8637.903875 -1034.099580
8625.394451 -1031.714893
8612.885026 -1029.330206
8600.375602 -1026.945519
8587.866178 -1024.560832
8575.356754 -1022.176145
8562.847329 -1019.791458
8550.337905 -1017.406771
8537.828481 -1015.022084
8525.319056 -1012.637397
8512.809632 -1010.252710
8500.300208 -1007.868022
-7205.302378 5422.905447
-7218.204146 5355.226254
-7231.105915 5287.547061
-7244.007683 5219.867868
-7256.909452 5152.188675
-7269.811220 5084.509482
-7282.712989 5016.830289
-7295.614757 4949.151096
-7308.516526 4881.471904
-7321.418294 4813.792711
-7334.320063 4746.113518
-7347.221831 4678.434325
-7360.123599 4610.755132
-7373.025368 4543.075939
-7385.927136 4475.396746
-7398.828905 4407.717553
-7411.730673 4340.038360
-7424.632442 4272.359167
-7437.534210 4204.679975
-7450.435979 4137.000782
-7463.337747 4069.321589
-7476.239515 4001.642396
-7489.141284 3933.963203
-7502.043052 3866.284010
-7514.944821 3798.604817
-7527.846589 3730.925624
-7540.748358 3663.246431
-7553.650126 3595.567239
-7566.551895 3527.888046
-7579.453663 3460.208853
-7592.355431 3392.529660
-7605.257200 3324.850467
-7618.158968 3257.171274
-7631.060737 3189.492081
-7643.962505 3121.812888
-7656.864274 3054.133695
-7669.766042 2986.454503
-7682.667811 2918.775310
-7695.569579 2851.096117
-7708.471347 2783.416924
-7721.373116 2715.737731
-7734.274884 2648.058538
-7747.176653 2580.379345
-7760.078421 2512.700152
-7772.980190 2445.020959
-7785.881958 2377.341766
-7798.783727 2309.662574
-7811.685495 2241.983381
-7824.587263 2174.304188
-7837.489032 2106.624995
-7818.264168 5539.755113
-7805.754743 5537.370425
-7793.245319 5534.985738
-7780.735895 5532.601051
-7768.226471 5530.216364
-7755.717046 5527.831677
-7743.207622 5525.446990
-7730.698198 5523.062303
-7718.188773 5520.677616
-7705.679349 5518.292929
-7693.169925 5515.908242
-7680.660501 5513.523555
-7668.151076 5511.138868
-7655.641652 5508.754181
-7643.132228 5506.369494
-7630.622804 5503.984807
-7618.113379 5501.600120
-7605.603955 5499.215433
-7593.094531 5496.830745
-7580.585106 5494.446058
-7568.075682 5492.061371
-7555.566258 5489.676684
-7543.056834 5487.291997
-7530.547409 5484.907310
-7518.037985 5482.522623
-7505.528561 5480.137936
-7493.019136 5477.753249
-7480.509712 5475.368562
-7468.000288 5472.983875
-7455.490864 5470.599188
-7442.981439 5468.214501
-7430.472015 5465.829814
-7417.962591 5463.445127
-7405.453167 5461.060440
-7392.943742 5458.675753
-7380.434318 5456.291066
-7367.924894 5453.906378
-7355.415469 5451.521691
-7342.906045 5449.137004
-7330.396621 5446.752317
-7317.887197 5444.367630
-7305.377772 5441.982943
-7292.868348 5439.598256
-7280.358924 5437.213569
-7267.849499 5434.828882
-7255.340075 5432.444195
-7242.830651 5430.059508
-7230.321227 5427.674821
-7217.811802 5425.290134
-7205.302378 5422.905447
-8450.450822 2223.474661
-8437.941397 2221.089974
-8425.431973 2218.705287
-8412.922549 2216.320600
-8400.413124 2213.935913
-8387.903700 2211.551226
-8375.394276 2209.166538
-8362.884852 2206.781851
-8350.375427 2204.397164
-8337.866003 2202.012477
-8325.356579 2199.627790
-8312.847154 2197.243103
-8300.337730 2194.858416
-8287.828306 2192.473729
-8275.318882 2190.089042
-8262.809457 2187.704355
-8250.300033 2185.319668
-8237.790609 2182.934981
-8225.281185 2180.550294
-8212.771760 2178.165607
-8200.262336 2175.780920
-8187.752912 2173.396233
-8175.243487 2171.011546
-8162.734063 2168.626858
-8150.224639 2166.242171
-8137.715215 2163.857484
-8125.205790 2161.472797
-8112.696366 2159.088110
-8100.186942 2156.703423
-8087.677517 2154.318736
-8075.168093 2151.934049
-8062.658669 2149.549362
-8050.149245 2147.164675
-8037.639820 2144.779988
-8025.130396 2142.395301
-8012.620972 2140.010614
-8000.111548 2137.625927
-7987.602123 2135.241240
-7975.092699 2132.856553
-7962.583275 2130.471866
-7950.073850 2128.087178
-7937.564426 2125.702491
-7925.055002 2123.317804
-7912.545578 2120.933117
-7900.036153 2118.548430
-7887.526729 2116.163743
-7875.017305 2113.779056
-7862.507880 2111.394369
-7849.998456 2109.009682
-7837.489032 2106.624995
-464.726390 -3626.914861
-419.329439 -3388.774715
-373.932488 -3150.634569
-328.535537 -2912.494424
-283.138585 -2674.354278
-237.741634 -2436.214132
-192.344683 -2198.073986
-146.947732 -1959.933840
-101.550780 -1721.793694
-56.153829 -1483.653549
-10.756878 -1245.513403
34.640073 -1007.373257
80.037025 -769.233111
125.433976 -531.092965
170.830927 -292.952819
216.227878 -54.812673
261.624829 183.327472
307.021781 421.467618
352.418732 659.607764
397.815683 897.747910
443.212634 1135.888056
488.609586 1374.028202
534.006537 1612.168347
579.403488 1850.308493
624.800439 2088.448639
670.197391 2326.588785
715.594342 2564.728931
760.991293 2802.869077
806.388244 3041.009223
851.785195 3279.149368
897.182147 3517.289514
942.579098 3755.429660
987.976049 3993.569806
1033.373000 4231.709952
1078.769952 4469.850098
1124.166903 4707.990243
1169.563854 4946.130389
1214.960805 5184.270535
1260.357757 5422.410681
1305.754708 5660.550827
1351.151659 5898.690973
1396.548610 6136.831119
1441.945562 6374.971264
1487.342513 6613.111410
1532.739464 6851.251556
1578.136415 7089.391702
1623.533366 7327.531848
1668.930318 7565.671994
1714.327269 7803.812139
1759.724220 8041.952285
7940.190530 4064.240356
7915.812455 3936.359558
7891.434380 3808.478761
7867.056305 3680.597964
7842.678230 3552.717167
7818.300155 3424.836369
7793.922080 3296.955572
7769.544005 3169.074775
7745.165930 3041.193978
7720.787856 2913.313180
7696.409781 2785.432383
7672.031706 2657.551586
7647.653631 2529.670789
7623.275556 2401.789991
7598.897481 2273.909194
7574.519406 2146.028397
7550.141331 2018.147600
7525.763256 1890.266803
7501.385181 1762.386005
7477.007106 1634.505208
7452.629031 1506.624411
7428.250957 1378.743614
7403.872882 1250.862816
7379.494807 1122.982019
7355.116732 995.101222
7330.738657 867.220425
7306.360582 739.339627
7281.982507 611.458830
7257.604432 483.578033
7233.226357 355.697236
7208.848282 227.816439
7184.470207 99.935641
7160.092132 -27.945156
7135.714058 -155.825953
7111.335983 -283.706750
7086.957908 -411.587548
7062.579833 -539.468345
7038.201758 -667.349142
7013.823683 -795.229939
6989.445608 -923.110737
6965.067533 -1050.991534
6940.689458 -1178.872331
6916.311383 -1306.753128
6891.933308 -1434.633926
6867.555233 -1562.514723
6843.177159 -1690.395520
6818.799084 -1818.276317
6794.421009 -1946.157114
6770.042934 -2074.037912
6745.664859 -2201.918709
10026.618160 3666.502070
9984.038004 3674.619178
9941.457849 3682.736286
9898.877693 3690.853393
9856.297537 3698.970501
9813.717381 3707.087609
9771.137226 3715.204717
9728.557070 3723.321825
9685.976914 3731.438933
9643.396758 3739.556041
9600.816603 3747.673148
9558.236447 3755.790256
9515.656291 3763.907364
9473.076136 3772.024472
9430.495980 3780.141580
9387.915824 3788.258688
9345.335668 3796.375796
9302.755513 3804.492904
9260.175357 3812.610011
9217.595201 3820.727119
9175.015046 3828.844227
9132.434890 3836.961335
9089.854734 3845.078443
9047.274578 3853.195551
9004.694423 3861.312659
8962.114267 3869.429767
8919.534111 3877.546874
8876.953956 3885.663982
8834.373800 3893.781090
8791.793644 3901.898198
8749.213488 3910.015306
8706.633333 3918.132414
8664.053177 3926.249522
8621.473021 3934.366630
8578.892866 3942.483737
8536.312710 3950.600845
8493.732554 3958.717953
8451.152398 3966.835061
8408.572243 3974.952169
8365.992087 3983.069277
8323.411931 3991.186385
8280.831775 3999.303493
8238.251620 4007.420600
8195.671464 4015.537708
8153.091308 4023.654816
8110.511153 4031.771924
8067.930997 4039.889032
8025.350841 4048.006140
7982.770685 4056.123248
7940.190530 4064.240356
8832.092489 -2599.656995
8789.512333 -2591.539887
8746.932178 -2583.422779
8704.352022 -2575.305671
8661.771866 -2567.188563
8619.191710 -2559.071455
8576.611555 -2550.954347
8534.031399 -2542.837240
8491.451243 -2534.720132
8448.871088 -2526.603024
8406.290932 -2518.485916
8363.710776 -2510.368808
8321.130620 -2502.251700
8278.550465 -2494.134592
8235.970309 -2486.017485
8193.390153 -2477.900377
8150.809998 -2469.783269
8108.229842 -2461.666161
8065.649686 -2453.549053
8023.069530 -2445.431945
7980.489375 -2437.314837
7937.909219 -2429.197729
7895.329063 -2421.080622
7852.748908 -2412.963514
7810.168752 -2404.846406
7767.588596 -2396.729298
7725.008440 -2388.612190
7682.428285 -2380.495082
7639.848129 -2372.377974
7597.267973 -2364.260866
7554.687818 -2356.143759
7512.107662 -2348.026651
7469.527506 -2339.909543
7426.947350 -2331.792435
7384.367195 -2323.675327
7341.787039 -2315.558219
7299.206883 -2307.441111
7256.626727 -2299.324003
7214.046572 -2291.206896
7171.466416 -2283.089788
7128.886260 -2274.972680
7086.306105 -2266.855572
7043.725949 -2258.738464
7001.145793 -2250.621356
6958.565637 -2242.504248
6915.985482 -2234.387140
6873.405326 -2226.270033
6830.825170 -2218.152925
6788.245015 -2210.035817
6745.664859 -2201.918709
-5450.667029 6616.956133
-5475.045104 6489.075336
-5499.423179 6361.194539
-5523.801254 6233.313741
-5548.179329 6105.432944
-5572.557404 5977.552147
-5596.935478 5849.671350
-5621.313553 5721.790553
-5645.691628 5593.909755
-5670.069703 5466.028958
-5694.447778 5338.148161
-5718.825853 5210.267364
-5743.203928 5082.386566
-5767.582003 4954.505769
-5791.960078 4826.624972
-5816.338153 4698.744175
-5840.716228 4570.863377
-5865.094303 4442.982580
-5889.472377 4315.101783
-5913.850452 4187.220986
-5938.228527 4059.340188
-5962.606602 3931.459391
-5986.984677 3803.578594
-6011.362752 3675.697797
-6035.740827 3547.817000
-6060.118902 3419.936202
-6084.496977 3292.055405
-6108.875052 3164.174608
-6133.253127 3036.293811
-6157.631202 2908.413013
-6182.009276 2780.532216
-6206.387351 2652.651419
-6230.765426 2524.770622
-6255.143501 2396.889824
-6279.521576 2269.009027
-6303.899651 2141.128230
-6328.277726 2013.247433
-6352.655801 1885.366635
-6377.033876 1757.485838
-6401.411951 1629.605041
-6425.790026 1501.724244
-6450.168101 1373.843447
-6474.546175 1245.962649
-6498.924250 1118.081852
-6523.302325 990.201055
-6547.680400 862.320258
-6572.058475 734.439460
-6596.436550 606.558663
-6620.814625 478.677866
-6645.192700 350.797069
-7537.094659 7014.694419
-7494.514503 7006.577311
-7451.934348 6998.460203
-7409.354192 6990.343095
-7366.774036 6982.225987
-7324.193881 6974.108880
-7281.613725 6965.991772
-7239.033569 6957.874664
-7196.453413 6949.757556
-7153.873258 6941.640448
-7111.293102 6933.523340
-7068.712946 6925.406232
-7026.132791 6917.289124
-6983.552635 6909.172017
-6940.972479 6901.054909
-6898.392323 6892.937801
-6855.812168 6884.820693
-6813.232012 6876.703585
-6770.651856 6868.586477
-6728.071701 6860.469369
-6685.491545 6852.352261
-6642.911389 6844.235154
-6600.331233 6836.118046
-6557.751078 6828.000938
-6515.170922 6819.883830
-6472.590766 6811.766722
-6430.010611 6803.649614
-6387.430455 6795.532506
-6344.850299 6787.415398
-6302.270143 6779.298291
-6259.689988 6771.181183
-6217.109832 6763.064075
-6174.529676 6754.946967
-6131.949520 6746.829859
-6089.369365 6738.712751
-6046.789209 6730.595643
-6004.209053 6722.478536
-5961.628898 6714.361428
-5919.048742 6706.244320
-5876.468586 6698.127212
-5833.888430 6690.010104
-5791.308275 6681.892996
-5748.728119 6673.775888
-5706.147963 6665.658780
-5663.567808 6657.541673
-5620.987652 6649.424565
-5578.407496 6641.307457
-5535.827340 6633.190349
-5493.247185 6625.073241
-5450.667029 6616.956133
-8731.620330 748.535354
-8689.040174 740.418247
-8646.460019 732.301139
-8603.879863 724.184031
-8561.299707 716.066923
-8518.719551 707.949815
-8476.139396 699.832707
-8433.559240 691.715599
-8390.979084 683.598491
-8348.398929 675.481384
-8305.818773 667.364276
-8263.238617 659.247168
-8220.658461 651.130060
-8178.078306 643.012952
-8135.498150 634.895844
-8092.917994 626.778736
-8050.337839 618.661628
-8007.757683 610.544521
-7965.177527 602.427413
-7922.597371 594.310305
-7880.017216 586.193197
-7837.437060 578.076089
-7794.856904 569.958981
-7752.276749 561.841873
-7709.696593 553.724765
-7667.116437 545.607658
-7624.536281 537.490550
-7581.956126 529.373442
-7539.375970 521.256334
-7496.795814 513.139226
-7454.215659 505.022118
-7411.635503 496.905010
-7369.055347 488.787902
-7326.475191 480.670795
-7283.895036 472.553687
-7241.314880 464.436579
-7198.734724 456.319471
-7156.154568 448.202363
-7113.574413 440.085255
-7070.994257 431.968147
-7028.414101 423.851040
-6985.833946 415.733932
-6943.253790 407.616824
-6900.673634 399.499716
-6858.093478 391.382608
-6815.513323 383.265500
-6772.933167 375.148392
-6730.353011 367.031284
-6687.772856 358.914177
-6645.192700 350.797069
2549.743315 1844.891504
2580.497653 2091.122283
2579.512205 2339.264288
2546.803152 2585.243035
2482.907577 2825.019558
2388.874641 3054.656735
2266.248365 3270.383929
2117.042267 3468.658905
1943.706308 3646.225994
1749.086659 3800.169550
1536.378971 3927.961823
1309.075896 4027.504467
1070.909745 4097.162996
825.791201 4135.793618
577.745101 4142.762019
330.844358 4117.953778
89.143074 4061.776247
-143.390023 3975.151858
-362.936745 3859.502982
-565.892142 3716.728569
-748.923691 3549.172973
-909.026020 3359.587450
-1043.570252 3151.084991
-1150.347175 2927.089200
-1227.603515 2691.278081
-1274.070725 2447.523647
-1288.985815 2199.828338
-1272.103879 1952.259305
-1223.702118 1708.881624
-1144.575288 1473.691551
-1036.022649 1250.550899
-899.826632 1043.123633
-738.223573 854.815701
-553.866989 688.719115
-349.784010 547.561177
-129.325673 433.659696
103.888103 348.884930
346.027953 294.628880
593.117947 271.782428
841.100876 280.720713
1085.904866 321.296967
1323.510242 392.844930
1550.015531 494.189786
1761.701522 623.667457
1955.092337 779.151920
2127.012505 958.090128
2274.639100 1157.543917
2395.548098 1374.238265
2487.754177 1604.615053
2549.743315 1844.891504
