-8400.763626 3062.184006
-6022.253391 -1805.787172
9414.232054 -692.879203
-660.678128 3747.346704
-1846.713885 -1661.304538
-7044.090449 3860.207377
-5167.570884 3016.534773
-5870.101675 -5906.005603
-9299.488317 5178.044922
6314.232348 -6360.713294
1327.017746 -5651.797755
3825.184819 -3320.380458
3638.897065 -3337.958073
6782.536120 2650.860062
2546.282239 -5048.376603
2041.345783 -3414.005882
-2565.019526 -499.566550
6141.713762 1935.641105
-306.627536 2031.491209
84.671449 -100.752519
-6949.213555 -5635.026807
-54.082794 3413.824639
-5246.149937 -543.400192
-2013.944958 -2356.190310
-2728.308373 5820.257204
3561.934970 773.262089
6071.058277 5463.032938
3562.277749 3213.105577
1835.574573 -3435.560532
-1740.361617 3061.698133
-5200.800244 4760.789162
-7506.504944 -1715.603439
-5239.729088 1145.233159
1573.759369 6210.919758
2833.282298 -2089.696960
6132.125805 -6099.421517
-5013.800557 4481.453465
-7452.067665 471.962735
2387.222808 -4715.399292
5764.582543 536.912294
-445.756119 3428.684203
-5476.775434 4747.618681
3936.709420 -5266.164742
3113.595498 2246.875884
8276.418911 -2259.899402
-6348.538110 -4516.367192
8480.070235 -1497.033366
2997.224410 -140.964481
-7215.361829 -4952.019437
5855.683989 5419.792993
-4904.966705 -1323.779739
753.472554 1379.735585
-5543.081057 -2374.336423
-720.777446 6189.104065
3766.438419 5395.366727
-4249.741834 -5374.791241
7112.616764 -6029.607738
-3275.427527 2454.450164
-3531.596949 3971.988035
-1260.316919 1526.945343
-7641.949073 4620.520233
442.706354 -1304.998151
6047.144428 1353.286757
-5508.363958 -5577.891883
-4330.059417 3430.885680
2975.340341 -5907.577519
-5780.038897 5383.797020
-7289.997679 -3290.037261
433.396329 740.382390
-8542.634081 6320.156670
-133.506341 -5332.302134
-3104.976596 1409.190193
5386.179739 -905.247680
956.672064 1776.719512
-3839.904114 5262.467646
8712.870118 852.597315
3946.456621 3349.241332
-219.074361 4815.866326
8653.501582 -1327.992190
-4971.177395 -715.853643
-6917.427297 5632.574950
7349.785191 -2924.986156
-8616.067422 -5690.301371
5721.933850 1401.792883
2443.011536 5221.900670
-5246.395937 4725.888707
6723.969598 978.465757
-1733.275123 -5610.475917
-5573.557609 -6146.986152
1111.525192 -3098.576919
7621.656351 -1377.802880
-3125.113212 -2803.643804
-2366.077126 -2241.597841
6505.909019 -4777.878247
8542.481255 3328.123114
8853.580176 6188.791903
974.546113 4336.050607
7445.340170 -3285.803759
-7344.035350 -648.308438
4239.815908 -6329.581063
5334.259844 5309.035053
5245.790119 -3262.262255
-8570.569872 1563.217231
-2408.640381 -438.274181
-3631.749355 -1050.516973
-6639.800915 -1450.543510
6720.075075 5653.743534
-6805.664811 4293.085480
-236.094897 5722.848660
6762.286364 2175.540872
-221.698416 -625.191515
214.523469 -3486.273568
5980.737199 -2893.191432
-979.124638 1903.253511
-5503.128202 5865.354150
4291.738053 -5103.488857
-5160.921829 5920.113202
1182.861760 -5161.873938
-6730.186321 1116.573828
-6153.623656 -710.029663
-5415.925069 5578.238668
-6335.434209 -714.924063
-2597.264289 -3074.661654
-6007.492433 2696.928059
-620.209624 5382.466824
-6212.934632 1870.577749
-4492.087263 4789.552737
-3923.121413 -843.057619
-6500.696930 1005.442937
8751.150855 3247.245952
-1127.762177 5992.270372
-2483.176156 -4768.948765
490.699020 -101.173700
8663.293489 2240.312798
-8694.033150 -4622.263466
-8013.030223 -2420.919458
-5373.498656 954.301318
-3495.363381 4717.642384
255.710799 -6156.310787
-3796.371030 6252.790477
550.677505 -956.012976
3635.157979 3789.587357
-3768.406148 -2315.182104
-6239.277676 -2845.012786
4683.418763 -2336.151177
-4823.445048 -1362.743139
-2148.131059 1411.222482
-1891.561105 5466.358870
6569.126580 -798.707906
7063.745668 3051.095987
2878.672502 -3012.759125
-1962.017986 5906.465430
-4353.760006 -3103.654426
2546.182163 -920.280331
3290.316070 -4164.984243
6698.432109 -1015.799327
-2882.404370 3958.352161
-1624.280612 -3771.477048
-2890.318038 -5729.844574
-3741.213580 5528.192532
-4865.816390 1052.380193
2048.111354 6153.488798
5077.393497 -3255.930441
-4727.270950 4920.448801
-9262.588507 725.439302
-7782.592315 -1144.722403
1139.687403 3328.544235
2690.752000 -4218.959479
2815.238085 248.908847
-7671.143551 4136.338418
-4244.763921 -5622.380300
4205.054473 2214.239728
-7006.530418 -761.714147
5552.075276 2453.075972
7321.593879 2574.097297
-6454.555863 3704.698652
6600.181019 -1957.363109
-2862.326552 6317.634508
-8413.639673 1798.550354
5955.368246 3005.176536
108.442838 -6329.890977
5244.256630 2978.088713
-8919.208382 4638.081019
464.287822 1985.931522
7620.927380 540.859883
6401.026361 2577.381866
-5936.983136 640.198138
-3955.505471 5127.160874
1281.178735 5827.293006
-2557.248565 3450.249972
9107.999059 -2915.275700
3091.105198 -5777.403824
-9119.818794 -5422.145595
5872.620607 1334.068540
-3858.847593 93.187375
-376.811866 -1979.849786
-903.864552 409.734652
5139.681768 4150.984918
-7875.420922 -1414.558471
-8813.934538 3280.513337
4092.997377 3054.038749
-1719.389114 -1276.862537
6273.960479 -1058.450791
-7253.484281 -3491.940162
-8429.648118 315.245324
627.062857 -6381.297056
4022.092754 -558.368643
-1084.377400 -3491.832547
-8114.674157 -2424.554266
2837.562828 -1997.483446
9407.701775 -5644.943556
2264.185522 -378.325569
-3908.729302 -2538.040770
-8590.251061 -1046.508146
-1876.091951 -357.296182
-4465.324591 -6369.044994
-516.922639 2814.127288
-5407.869221 -4365.081221
5226.330181 -3461.009630
4346.854305 4914.135056
-1163.545434 4892.102802
7243.130041 -2.882090
4337.985894 3770.276560
9321.203357 4349.933159
-254.596980 -3369.343760
71.737289 24.133178
483.394308 6111.014181
-9363.490492 -4017.466106
3990.764674 5987.177248
4350.738867 2512.885747
-7657.502452 -4720.327270
379.038105 -6218.923049
-1579.028595 3179.735873
2182.257945 3098.698687
-5030.586583 -3514.474757
-3327.210271 2973.960871
-1520.550271 -3135.791503
-5028.513847 -3083.600510
-5495.478381 6078.201303
-1596.118031 2606.559659
67.130024 3822.491117
-538.032451 -2358.447886
8292.580068 3003.917089
-5669.761731 -1946.954735
-3815.308900 1060.928502
2539.846611 5230.770606
-509.619799 -2245.973412
-4040.630769 763.323743
-4021.055511 3454.080837
-4664.563852 -4074.211754
7815.698513 2411.081020
3936.186139 -4395.438044
380.029060 -5178.151043
-7954.786831 -2606.281410
-2307.058175 1230.604007
7628.618047 -3476.338557
-6396.020894 2615.524081
3302.419328 6298.706096
-959.551798 -2883.758631
-5751.169597 373.807168
2718.304798 -734.210786
7351.368925 -4488.639750
-912.939118 2210.097234
4666.352089 3223.236027
-2048.499533 -4790.024684
2231.919449 -6025.659657
4740.398756 -3949.208014
-5483.611883 4743.038730
-5148.626306 -2351.019935
-9190.122893 165.317287
9115.780324 -4419.889943
2636.213361 -5844.650521
-846.856224 -27.912322
-2480.848364 -3284.258273
1504.475202 1757.856902
-2146.194435 -3159.138306
-1453.010655 -6364.973292
-6365.593267 -3666.121456
7395.426961 -738.759072
7488.994518 -568.305298
-1309.454447 -789.471887
-1744.221413 -5430.677831
680.879742 431.138843
-3094.121933 5178.327080
7295.986751 -234.894529
1224.147601 4740.578028
-4241.021327 -2690.093807
-6055.540935 -592.885951
8523.008121 -1987.592322
-8664.925982 -3318.471539
2709.487195 2227.783555
-1835.447586 -5401.537827
-5508.361382 1502.424578
217.806688 5831.267996
-8310.591303 4368.728444
-4822.054881 -1235.718751
3475.335395 2310.766754
-6998.021729 4619.476939
5474.261873 3993.950540
7423.559896 4522.667610
-900.250554 -68.554557
-941.389161 5118.894100
496.357446 -5078.136957
-6873.866967 1509.939974
2787.089245 2280.366595
2663.701268 5430.499821
49.774675 1361.701327
2932.298801 3027.497839
-4494.319613 322.267896
-5394.653613 -1053.247582
-1719.708683 4772.146121
-4218.939278 -2309.522894
-5196.566802 4468.567548
5468.288486 6219.056290
-3638.495373 1680.770393
3099.068399 -2941.684658
-1414.872616 3531.769158
6898.660267 -907.461979
-6335.873899 2466.235993
-4275.466991 5225.770745
-5025.044982 -2386.829268
3564.879323 1174.719522
-8661.141689 4069.379277
-11.469364 1360.074578
1411.702967 5317.573424
-3262.215989 992.104239
-9415.281122 -6412.551715
-4132.157020 4732.872309
-3850.865420 -6028.646762
6342.855543 -2505.658375
5552.565764 506.005061
2318.014689 -3501.711004
5137.813148 -2970.412471
5068.318597 3461.263697
4675.664066 -2015.242526
-2693.061197 2198.935455
-4934.155934 2215.797448
7442.154547 5836.544792
9048.169022 -3229.824692
4829.567877 -5342.543101
-1168.302492 4884.641993
-1225.150768 26.376690
-8999.916245 -2908.361900
-1369.165700 -5890.506222
-1184.610664 3738.500002
-2644.746518 -4538.072841
6789.495152 -1464.409396
-2616.758285 -2827.240524
4355.153453 -3094.528198
-6950.643558 -6239.536431
6390.383718 -596.994465
-7846.809728 5006.768420
1102.655454 5306.971740
-3742.362442 -2066.505222
5926.667237 3564.912112
3201.447431 -4678.702852
-5740.237831 6392.254149
-1993.669670 -1832.268630
868.994892 -5300.898863
8436.890436 -3602.783311
-1267.127512 -5683.080356
5629.506838 -4596.284931
3124.808140 2595.391954
5796.589561 -6396.962171
9273.169687 4085.416395
8790.212585 -170.214889
-7785.342960 2353.579443
1812.347143 -5445.903174
-2174.562583 1586.382060
-1257.903118 902.110439
-48.106593 -6401.761130
-9153.475492 3877.909345
-1479.160591 -430.001464
4534.921874 -2915.355439
-1920.393806 -3029.158814
6290.281715 -3472.411581
-1797.798091 -2343.686580
8924.861928 5332.106792
7521.503488 -2590.772002
7787.280041 2990.648854
-6668.451988 -3481.667079
-1135.308872 -3286.214265
7099.899670 2144.275711
-9180.170934 -1201.725411
-6517.883100 3927.777141
-7306.569610 1779.195478
1095.216968 -5886.673258
3507.238803 -6238.074918
7375.826224 5332.221879
4129.974106 4204.818253
-7233.427124 6095.430904
338.495047 -1118.520530
4155.247423 -2714.820967
-2098.361848 -2537.578460
-3185.743204 -544.255179
726.273040 911.065266
8987.899453 -4781.332016
4373.793065 4050.632419
-1863.698972 2642.555398
-2459.139240 -979.681022
-8110.430876 525.533606
-9425.680464 -5683.061860
-6118.363495 3590.941929
-9107.640569 -4279.956494
-4418.589795 -13.612571
-3411.604997 -5957.685115
-9236.404460 -6266.085700
4629.213734 3156.999098
-89.888514 -4553.823951
-6432.207698 208.173174
2829.536205 1115.139315
-7293.108793 1124.907393
9264.548446 3390.763143
-6477.592443 3617.482275
2380.297641 -5836.160632
1000.335581 -1723.888426
-8484.048243 -1585.005642
3342.363153 -4866.685538
-7213.191452 1511.496974
-4454.885819 3563.263767
6307.254151 -946.066912
8399.801314 518.435835
-7278.749272 398.751477
-8253.150187 2419.559047
-6061.763277 -2396.219908
5549.668253 4725.659432
-1012.582565 5377.762328
-7320.616279 1218.256763
439.360169 2737.275158
-7916.352194 6137.872914
-6526.892600 4000.869000
5937.308068 3291.297020
-8269.430673 4765.595119
-8065.472291 5575.205222
6881.542645 -4999.329171
3833.024321 5225.879385
7697.367750 -1904.354247
-201.831537 -458.615743
-5795.359806 6280.593988
266.894438 -5559.049022
2112.723479 -3571.871575
-6868.336479 -5961.234366
-5649.394219 -5162.729998
5594.098696 -4225.095339
-7935.450196 -5970.348108
3342.256783 3083.851057
-6772.444831 1895.113729
436.396755 -4682.065745
-8.855341 -2195.872887
-5881.392555 4425.689267
6683.899304 -572.615522
-3205.725641 1181.645838
1169.533943 3767.409178
3090.928766 1143.925968
3745.308641 2170.255254
6510.910301 -1989.322871
7497.401989 -169.648976
-3747.798860 -6311.460751
-6225.308524 121.998574
-8935.766835 2549.504157
8524.474020 669.428893
-7571.478574 4922.141795
-4086.316532 -719.560136
1270.529455 -5050.581774
-9006.412896 3943.782102
284.399070 1945.702323
4655.989664 620.558260
2365.726619 4503.495680
2651.778416 -6182.601173
9158.785248 -5838.638307
-6166.358464 6415.835265
5989.070776 -5188.552059
-8443.263537 -1536.534612
-7912.755604 5769.657599
3734.693262 6065.429226
9123.632864 -180.067828
2156.319968 -3443.482512
4380.309761 4609.798904
6791.998989 -20.789326
-57.467698 -212.620095
6270.517171 2020.495872
4139.852874 -333.556966
-215.186221 346.367240
3814.933829 1388.177652
-8998.858227 -2503.699757
-6591.253739 -2719.509739
8108.657602 5190.924841
-4601.722249 1739.454995
-1270.192135 -66.880023
2437.939419 6333.418363
7026.905579 4171.354302
-7298.819661 555.856688
-910.714840 -6030.432690
-6215.096507 3011.426038
6378.564792 3312.351085
-456.143838 5255.624560
1885.176680 4347.448774
8618.516003 -5231.118015
-6210.399259 341.919882
7250.209317 -4434.538710
-7920.873037 -6080.632097
8189.995240 -4620.025022
-4508.115103 1198.230470
-7258.467593 3398.099755
1466.182182 1309.740424
-2919.472532 -5440.918288
-1851.798872 2284.555783
-2614.476878 1724.180127
8612.803210 3927.253641
-8577.959643 2433.486992
-7044.233112 3469.760100
-8835.500049 2617.068817
-371.907582 5981.356189
8691.358069 -5409.510555
-6150.769286 2030.146242
-6697.147863 -6400.873183
-8979.031404 -1224.578568
4552.237696 3431.454927
974.937168 2867.182281
7338.874886 3455.223481
-2238.009730 5089.496879
7591.188890 5501.856777
1207.651085 -1191.340144
6020.662026 -1702.026555
6375.125195 541.723571
-790.394616 2412.761318
-6492.041252 2727.211241
595.361983 -606.977892
770.331076 -6381.424096
-2737.533233 5064.292517
6761.978382 -2901.866774
-6972.007141 -4163.034057
-7429.494538 3100.265643
-8558.598920 767.762795
-8177.787888 -1322.942858
4619.120757 4577.389120
-1407.345535 -6290.659571
211.014382 554.966858
-2580.276388 -5359.051472
8271.585383 -786.960927
-4131.359966 -2613.774515
366.654471 -930.232134
3490.128636 441.235018
-4572.845054 1042.483139
-5690.908538 1903.501671
3425.168914 -1385.063153
6638.239415 4094.415500
4409.271576 -2201.140956
-8149.496931 2478.222412
-1743.128914 1681.187886
2647.250487 5302.478935
-6656.368467 -886.907562
6257.203140 -4945.614840
-4604.383642 -1625.483031
-4900.466769 931.961304
2304.078945 -3171.058276
6778.858884 -5082.280452
-7408.168214 4365.006022
7538.359663 5245.323243
5188.773553 -2383.252891
-7754.459757 5862.070151
3790.638121 -5118.074426
4532.060022 5589.779348
-3519.688576 -3990.602910
-603.206584 -893.958393
-4336.281908 -5761.729964
-659.793773 5301.971496
-421.087724 -6191.013590
6030.850622 5390.781648
6675.744875 2490.805720
345.180402 3640.597716
-7652.202745 -213.116889
-7509.750095 -3561.070230
-5177.333013 477.472722
4212.203440 -6373.504911
5527.950725 -2892.001451
-7244.922253 3097.419953
851.823930 -3629.325222
5907.460842 -5954.877915
9212.491551 5038.484280
-416.212866 -1165.550768
7988.598087 53.995893
-549.444067 1370.716684
8546.863814 4278.496775
2353.138069 712.353131
4288.911948 -1956.252946
7218.264387 -458.879731
8480.054269 -6317.307675
-8773.886636 4151.969241
-8685.198640 3996.774256
4494.891793 -2726.645533
-5308.075103 -3716.719963
-5983.461197 2347.976534
-2439.206477 1738.723300
-7634.999510 -3095.582575
6145.953113 6269.600533
6247.369482 4754.042637
1449.455826 4099.215244
771.124429 4553.604763
803.225895 5068.492831
-1218.494891 1695.185166
4491.142465 4513.779485
839.935216 -6007.341112
8638.133277 -1231.746843
-5611.596373 -0.464994
-9377.050286 -2247.500474
-6570.277755 -4425.354741
5003.798969 3002.892171
-2122.996185 -2910.584979
6276.797626 4076.835906
-7784.328066 -3193.860906
2477.413892 6309.273829
-2149.378423 442.735986
6105.850914 -104.257738
7469.965716 2507.289418
-5143.895966 2550.230592
873.177835 4507.812838
4419.451486 1481.656425
4534.979257 -6406.046328
1885.874512 4315.173832
-2773.061391 5444.591143
4493.063342 695.060073
8936.173600 5668.360671
-4867.191823 3393.969459
7843.760622 2050.109731
-7765.968610 4980.698919
1649.573621 -863.162457
-4862.243230 -4287.931760
2468.036689 5245.106268
-3908.462228 92.056360
5131.485940 4639.911363
49.386284 1265.356420
-5223.618738 921.671028
-407.593911 4041.014063
-5184.405958 2952.138689
3154.348747 4094.079911
5791.619911 -1220.162750
5597.129787 1902.555977
-1865.322664 -2853.371756
-9278.733628 919.969079
-926.305478 -2019.085612
5967.633711 4454.103262
4440.497831 -5548.690479
1782.908450 612.769162
-5339.283519 3515.724440
-16.112359 -772.035231
3168.525955 -3260.779255
-4352.190752 -5882.194805
-8718.810993 -715.125444
4043.644506 -605.117520
7501.050230 5202.502812
8320.344798 2833.826670
1554.591544 -576.585859
5579.964084 -5799.874111
6089.270578 -3002.568625
1486.271640 3425.940322
-6555.001331 -852.148361
-6944.974714 2618.502874
4894.108253 3110.462266
3110.284259 -570.663927
-6764.908932 -1893.319340
8720.014636 -2657.092616
2414.441223 4842.872664
-2585.247901 2209.747522
2753.353352 -75.953979
3805.839024 -5501.593150
-5713.442146 -3533.590085
8307.129753 -1831.607529
4264.684499 -4932.589511
8613.899437 3628.592214
2636.040939 5453.406719
-5155.196481 4962.268393
647.820904 169.780490
-3834.409091 4845.752539
-7378.978026 284.453688
-5885.169419 -3558.891609
-8809.095630 -1016.818590
-3542.230703 -1789.606515
-3876.765407 -5319.950177
-9091.510728 -5883.475032
-5702.822160 2354.201412
4350.350520 5277.081953
1068.352092 -720.506748
-4554.225900 3103.349466
2502.580636 4509.276479
8.042260 -5944.794334
-1111.569396 -5514.422650
2028.744353 -1491.256825
-6955.991214 2303.706009
5148.332153 2541.428114
-5748.001293 5090.745561
790.099514 1618.839006
5162.649210 -4091.884168
344.088994 -759.051289
-6810.829020 -5491.414854
-4108.751488 953.571177
2816.160614 -6244.186358
-1189.534869 1579.222462
1621.291817 3273.690108
6073.325178 346.127068
-7539.535375 2864.625550
-8261.248893 -3035.907737
8192.988158 -5953.704397
-4729.003352 720.516062
-3661.632495 2514.006160
-5423.877297 6150.719591
-6460.907178 1632.264742
-6141.817759 -5618.676979
1431.160250 1926.787920
2941.261431 -369.790742
-1263.024934 926.612007
-7444.521005 1730.697580
-1812.876271 880.047918
7260.261352 4093.656278
5780.665973 -4843.627886
5690.918218 -2104.028077
-2440.939661 -71.838646
8593.522966 2178.017767
-6376.949584 -3285.215668
-7108.348506 5160.667069
2107.658360 -2140.405931
6083.069697 -779.189089
-3832.014974 4423.656595
5845.053567 2936.746952
7138.364286 440.530689
2677.088183 -2116.907043
-2207.526250 2657.504933
4740.681619 2080.080259
-5987.823112 4169.541399
-4451.748603 5760.078459
5982.230317 758.318497
8334.578255 -1531.612938
3784.046327 2293.876430
-8916.377319 -158.417809
-6175.696025 -1728.479592
-1095.542295 -6341.802760
-8539.793417 -1408.167721
-6649.356571 -4613.809752
7873.950486 -2258.905825
8141.287994 1143.831985
6533.917385 -1214.887075
-7651.186277 -1968.950993
5341.456014 -5827.162194
-3501.032040 -5469.972760
1401.610939 -3243.226420
-2489.949112 2448.948939
-44.793957 3063.025241
-3143.863274 4966.663838
6246.365902 3898.382499
-6571.056021 3012.465548
-1504.477532 1030.080060
-4766.240288 2250.320100
-833.274583 -545.503423
-2977.595409 3505.766088
4085.850819 -1977.624422
-824.571641 2763.355742
-5591.774605 -3706.700480
-2983.284306 588.211855
2301.580849 -1590.327004
-5165.002243 366.724353
-1514.782178 5779.944367
-9085.528655 -3910.848464
8777.336590 1960.232926
8657.859858 6368.564956
-8920.336171 2716.229818
-2932.947504 -4285.752082
-2795.516445 -1660.683492
-7607.836420 2743.767854
4300.736008 -2125.707800
-6395.848682 790.483737
-3236.302497 6196.674432
-8006.708061 6438.477217
-38.251642 5986.441085
-2309.477242 5452.903856
-8881.416902 5807.392757
-8912.459674 -2632.818625
4547.445330 1899.718647
3133.504137 3149.529809
-6858.146529 -356.221306
9138.859254 1720.347805
-2646.534571 5952.202685
3481.194499 -5949.076618
-5564.193840 464.330009
-2295.974163 5328.419130
868.258122 5709.456833
-1425.646184 6069.318690
-562.258721 2731.860449
7306.645922 -1570.118382
-9122.216594 191.094063
-347.265386 -14.329231
146.497286 4619.836090
284.289253 555.034393
420.581850 3198.917207
-107.288323 -4806.782541
-2081.461416 2225.000105
-4982.273592 -5187.005050
-2302.672363 868.949925
-6278.174166 -586.318469
3803.384570 -369.542378
3922.739854 5833.070392
-2875.956996 -506.496422
8490.991521 6126.931612
1696.877327 -25.668306
5023.448799 6340.644925
6721.228684 -1518.724868
7348.800074 1522.115090
7433.703311 6390.846168
2083.383718 -4331.313006
3871.345439 4702.667390
-3500.558071 939.066044
-1453.467542 5416.730760
-2073.917561 4769.364218
7559.286379 -512.610200
-6438.049580 -3525.362474
838.100435 -5379.973485
1935.994511 6072.513600
4869.986480 4703.917464
-362.182396 -314.401457
2986.133805 -4113.061531
-3647.281502 -61.468697
7710.306297 5386.547804
8885.394480 -2467.675945
-9277.727709 -3750.605545
841.521596 -1702.823793
-8064.145933 5308.386774
9123.808293 189.526249
223.110659 -2927.910416
-8748.911173 3264.526709
4249.568621 -1137.980856
-4178.065397 2813.524522
-1789.073364 1633.613224
-899.412285 1255.288827
-2458.090647 1365.982939
4671.768884 -4499.472748
-2806.384919 -3560.933313
-8731.323355 -3776.623626
3685.753643 2815.071405
-5321.450632 3286.497941
-5349.552453 -254.157024
-1967.206382 3335.273895
-8114.970498 -4324.643258
3073.687665 1501.322271
1204.850529 6264.034700
3277.804473 3011.383818
-6585.500083 -5342.492850
773.037297 -4859.068776
-1030.588886 4094.669633
2313.607848 -5974.860176
1003.445094 -3184.559643
7465.056658 1913.009690
8611.161038 2816.879133
2712.064521 -1525.903530
8093.161580 5735.485775
6036.724496 1531.941479
6824.274883 3479.139808
-7048.333220 -2433.032479
1862.708509 3303.450876
5460.510702 -1557.820556
4436.162185 5566.179940
-6400.768413 4218.971503
-2908.346488 3653.578648
3684.354596 -935.885396
3037.922545 -1854.631800
2134.266730 -4176.177628
-3794.843993 -5960.495631
-8115.794525 -4329.019123
8760.091788 3381.128276
3318.568554 666.517959
-1441.814849 -2746.852127
-1430.610857 -673.639012
-8055.025870 3781.931199
-1110.030368 -144.284758
-5841.936703 -4511.464612
7274.105680 3383.926342
-5684.098780 -5644.228096
-4102.050149 -4740.920771
3353.288871 -5204.720451
6211.329384 3498.542494
-2654.320778 -3924.492116
6079.783488 1539.116081
-7321.301169 2483.876771
-5926.413711 -4712.830921
3536.510375 -2258.410518
840.632660 -3735.876252
1462.677641 -1173.786644
2786.920190 2467.498115
7205.027098 -1684.554467
7139.706856 -3886.993502
-1388.529843 741.860455
-4503.520797 -1550.312663
833.965565 -105.041357
2275.582764 2291.753019
-5934.314631 -1735.314936
7562.195952 5277.622995
-2300.618784 -164.110838
7882.397177 -4702.512050
1675.449309 -6227.099768
-2721.370599 5082.754289
7450.505998 -2303.931938
2429.264242 1063.489442
9104.293285 -4807.120594
-8899.432761 3184.669153
-5491.944247 5576.073912
4044.822117 4295.129085
-1335.028000 -3713.738999
1004.406632 -4776.258431
-2478.924154 2806.150031
1008.268529 -5489.734082
8237.314058 6032.131741
7113.891637 1249.755367
-5722.215245 1020.752883
-9272.307750 1389.501053
-22.799587 4082.668959
-2757.180399 402.346073
-7194.817507 5931.156164
-2433.033281 176.812568
4875.092471 4925.313405
-6385.413172 -826.395790
-754.843344 -1646.808521
-7941.727908 -3233.564332
-4129.587641 -697.475886
2075.543012 -583.084547
3509.246806 5840.862705
3677.209119 -2479.449078
701.625885 -947.896889
1721.878339 3831.908427
5180.363638 717.954816
3312.531093 2801.642515
2837.010104 -4152.774198
1764.306659 -3130.727250
-6916.315008 491.772791
-4660.561613 -4531.894664
9072.134083 4301.439532
469.827815 370.349284
1897.341709 -5590.536321
2579.647774 2023.543717
-5918.847384 -882.169038
2242.932107 -5062.024555
-246.745241 3312.743090
4289.434631 -1923.234381
-5354.636658 -201.701594
-6581.174345 3058.594327
777.513821 2807.654430
7258.628244 -3311.352333
664.988525 4422.420117
2121.777156 -257.372067
-244.039151 2144.583688
7882.632082 -2764.899231
-8203.622334 3506.283405
-2057.645734 -7.176950
8938.833973 2779.655391
-7663.770870 4729.804523
-2589.917218 -1179.314095
-650.358290 -2667.337769
-7607.884977 4225.784435
5559.128634 -766.344385
-6627.439164 5506.684211
8212.775305 4444.325019
6192.303088 5287.720568
-411.845693 -2555.403347
-395.364396 -2897.273971
8765.431989 -1685.618512
-5910.018185 2987.168360
-7029.580810 -3895.973829
-3563.428097 -2646.195789
-3054.218329 -5293.533842
6517.696268 -3374.944270
-9086.531716 -4212.096122
-423.970139 -6427.513953
3938.635740 -268.954667
-1149.279448 5900.847349
7277.647639 5440.690489
-5681.757344 -5030.330927
7950.019443 -3386.062455
8231.606224 622.643565
5267.991516 4978.707237
-8259.047535 2985.256503
-4273.550052 3226.375049
-3212.883980 -3502.336368
-3840.671654 5623.905677
1225.441201 -1599.575791
-7395.711460 -3074.625377
-9047.900506 -510.938550
3118.956861 -1527.329425
134.502316 -2351.635757
2710.850908 -5197.573119
6967.131264 -4391.985888
-3164.095798 -867.689867
8849.945052 3380.139965
2001.556867 -5679.275837
4198.893963 1596.159403
5606.591953 2990.671697
5550.082799 3258.142533
7559.348334 -1053.759729
-4835.192261 5477.491089
-6876.967082 887.199178
7819.805557 -799.669284
-1427.178100 3481.441433
3495.550240 3078.935194
-6155.979564 -1995.201947
1876.868239 -5570.424657
-1875.185818 4693.614419
-694.494088 2040.105752
9177.186078 757.218415
7369.874121 3898.389966
-7324.823742 5646.763962
-1318.915997 4541.547630
7688.549822 -2871.502521
5984.023654 5952.488562
-205.378481 -4686.315512
-5280.328237 3033.490959
1424.615605 -4685.167848
3073.741558 1280.582716
59.149134 1101.304088
4939.795194 -310.833164
8410.182035 1132.035217
3741.160575 -6207.163895
7339.862078 5477.083623
6602.190727 3119.587888
938.091585 -3460.011135
1789.121498 -622.489273
3914.174441 -6090.187141
3479.842356 2446.066966
-3403.791976 -3953.084427
262.619797 5856.098957
203.885407 5153.608190
-1016.962240 1266.142461
-5020.117576 -166.467518
-3792.758702 -2102.280322
-3279.335396 4977.139250
-195.827203 -241.910762
-2105.365893 -4011.355015
-1443.137277 4801.920923
-8343.635458 -3959.477216
-4189.674351 2659.168990
8948.620156 -3641.250499
-4573.575687 2104.528284
1124.822141 5119.552952
5412.363434 -3907.179010
4833.071838 295.320966
8621.568881 -6277.762649
2057.526317 -1274.438879
-3994.440249 4180.624416
2979.410751 4928.509953
-5281.771576 -4368.978188
4481.807990 -4704.173162
-6519.668551 -1384.539749
-6225.040606 5822.258151
3265.553893 3074.804155
234.305657 -67.813849
-4940.693722 -626.106984
-1030.322744 -5662.064541
6439.593030 -1947.373643
-7371.104069 -6354.467343
1333.794008 -3517.930062
4496.907041 5978.837158
-7117.879563 -4908.057513
-6207.528035 -2714.971600
-7232.155952 5952.127372
-4544.522025 -327.540925
8016.038360 2741.662759
1933.697982 -4400.672337
3423.090973 6431.598777
1601.080031 -5036.102993
-2435.970284 2313.245154
-3437.734342 -1058.687809
-1895.591979 525.347637
7056.881120 2730.379757
-3775.492923 4236.461510
-660.350664 -5303.086121
-7084.620276 -6274.442163
-4986.732884 1484.130741
-1749.162164 -2620.306307
8073.651635 4911.371115
-858.880752 -3189.827053
-5508.530886 904.621015
8046.509215 6051.042143
4966.570983 4425.396589
7346.613828 -4589.557514
9012.191635 1399.484007
757.610044 3006.207284
5962.175358 6044.005334
-4724.435183 -1588.686378
3457.371459 -2520.741500
-5183.508802 3332.872637
-993.281950 6014.725959
-7795.040954 5064.155624
-4386.665376 2012.604119
-6415.683243 584.599854
7205.749502 292.770191
3613.110807 -5629.925802
262.439032 4876.674650
8527.432176 -4785.600818
3511.181179 4012.346594
-3745.233912 -5963.086138
-6237.783380 -201.153835
2035.798423 920.955675
-9140.080481 4368.090031
-4388.538963 6431.128994
3074.930053 4907.034064
3149.975886 932.219126
-1808.021722 -5328.257984
-7345.795665 -5950.766517
-5772.508098 2883.887218
1545.492607 -6110.425688
4309.325704 -3926.032264
6450.460292 3902.188499
6575.405593 4106.778726
210.732573 -5326.364987
4143.055070 3210.699852
-935.435300 -1080.042769
-4827.128492 4126.114447
7870.150869 5554.676822
4111.967574 -4822.542029
-3204.306909 2671.216413
9057.818626 -828.675237
-7294.937780 -2867.991022
6022.382928 -4822.075317
-2576.884635 1761.175997
7691.576307 -1852.137238
-3166.484772 3949.255176
-3217.957055 -5783.072570
-1640.401511 6025.054180
653.614018 2390.534598
-2264.729288 -6234.784724
-4700.665341 6383.510090
-3451.977514 -5032.234814
-5922.867391 5515.436258
7066.584564 -2681.886694
2807.839363 -3874.574657
-6184.172924 404.906414
-7319.476419 4649.275651
7033.907154 -2909.224941
1210.182124 3976.138139
-2243.159601 -4008.247910
7659.374580 -775.308765
6907.110368 3309.423317
-7489.491960 5708.636817
-635.026805 4089.610466
-638.761600 -434.520723
6082.358722 1786.443096
9152.898845 3232.959155
-5694.269723 1591.641895
-2268.996104 -4022.331856
-4779.312741 886.995872
-6989.526543 -327.658519
-9281.818894 -2055.470261
9368.872445 -724.930375
7784.930375 5281.385827
-7170.529730 -1593.845675
514.068436 -3884.262102
-647.759899 -4080.108282
-4433.971789 -1524.956786
-3044.968747 3366.746560
-5267.136762 -6332.963657
-3925.205122 -4661.372150
5720.160840 -4553.468836
-8103.016417 -4601.988533
-4117.604249 -5730.994979
-3577.018108 -4182.874873
5766.581359 2607.297129
8289.021238 -4274.072561
6110.825091 -859.208295
-3174.099919 3503.164990
-8915.571667 6349.685416
-3916.749754 -2767.394921
-8838.259610 -5304.884786
-7332.990875 -4392.860869
2549.564491 -762.186346
-8145.620317 3237.249235
7142.693110 731.425147
7296.863467 -53.715510
-7970.210400 -2324.713585
2847.201803 1949.572811
9160.103948 2307.311827
-3250.816717 6074.999323
5824.913293 -6393.523221
-1214.524935 -4956.226054
-5560.258946 3222.460450
-8867.358382 4105.422100
-8866.352956 2538.313225
4396.825759 1076.371725
1954.417856 2078.989329
7692.451554 -2418.290760
9125.958115 -2609.221977
-8452.199239 1612.732023
-1767.225604 -853.300907
6581.039841 4757.710395
-950.419329 -5474.722607
-159.207338 -5084.094879
-4062.342319 -4692.781305
2546.757104 4746.015250
-362.887850 -360.277787
2759.547903 -1552.368706
-700.035549 -1766.592517
8662.790138 -1092.763809
-1388.724799 4141.222496
7507.160038 2190.981606
-302.546242 -4896.847342
6051.720878 1434.049305
