2919.120411 -391.589323 2.591254
719.601568 -321.927017 2.591254
1716.997160 -760.197216 2.591254
2310.224706 -1114.150922 2.591254
729.070010 -388.206109 2.591254
1629.418209 -867.270982 2.591254
2476.048948 -1307.772332 2.591254
3536.246815 -1869.480800 2.591254
4480.415213 -2375.159872 2.591254
2481.820886 -1435.910656 2.591254
738.538451 -463.953643 2.591254
1539.389154 -965.379639 2.591254
2075.863587 -1299.395528 2.591254
2540.734928 -1590.244164 2.591254
3398.217452 -2110.004300 2.591254
5543.423482 -3447.738995 2.591254
2760.650719 -1847.054078 2.591254
1405.356900 -1022.077745 2.591254
2836.841320 -2049.980224 2.591254
1935.836534 -1507.413695 2.591254
2353.354238 -1842.548667 2.591254
3028.991552 -2360.831651 2.591254
634.385593 -530.232734 2.591254
768.588985 -645.235198 2.591254
1204.725098 -1010.022052 2.591254
1400.471065 -1177.966317 2.591254
1853.067336 -1554.692087 2.591254
2729.753034 -2288.792928 2.591254
3067.290754 -2567.435964 2.591254
2453.843664 -2216.374922 2.591254
588.106960 -569.135767 2.591254
540.678979 -607.078152 2.591254
1196.536080 -1326.594350 2.591254
1411.531534 -1568.368372 2.591254
1836.882482 -2172.466781 2.591254
493.250998 -635.534940 2.591254
446.305634 -674.206383 2.591254
3244.010498 -4834.823338 2.591254
398.826311 -693.198112 2.591254
2811.155784 -4866.624529 2.591254
351.346988 -721.685706 2.591254
1065.563067 -2397.516900 2.591254
291.816890 -743.662396 2.591254
853.716714 -2149.536727 2.591254
244.749649 -771.902740 2.591254
519.810982 -1622.824528 2.591254
1234.018792 -3804.891276 2.591254
1234.992991 -3804.575182 2.591254
1235.907626 -3804.278163 2.591254
197.682409 -800.143084 2.591254
348.365306 -1393.461225 2.591254
954.466200 -3884.455467 2.591254
970.142500 -3880.570001 2.591254
965.309161 -3881.775138 2.591254
965.409380 -3881.750215 2.591254
140.802763 -826.042879 2.591254
199.520069 -1186.619360 2.591254
675.855260 -3942.489019 2.591254
1128.442065 -6488.541875 2.591254
-493.617819 -2785.414833 2.591254
-561.157441 -2558.217744 2.591254
-635.143009 -2491.714880 2.591254
-709.065718 -2433.384623 2.591254
-907.098454 -3107.294703 2.591254
-770.571919 -2327.441714 2.591254
-831.054569 -2231.535416 2.591254
-885.654077 -2183.595398 2.591254
-930.468601 -2052.938660 2.591254
-1168.486841 -1724.909147 2.591254
-1253.096021 -1593.611244 2.591254
-1356.490937 -1492.140031 2.591254
-3018.175537 -3329.574600 2.591254
-1418.681571 -1365.146417 2.591254
-1471.152061 -1223.790210 2.591254
-1568.298682 -1123.947389 2.591254
-1625.693980 -1001.427492 2.591254
-1716.342876 -904.027927 2.591254
-1778.430866 -784.601853 2.591254
-1839.728055 -665.433552 2.591254
-1904.095833 -538.399511 2.591254
-1994.669371 -414.998325 2.591254
-2073.472589 -370.753377 2.591254
-1933.672032 -259.553293 2.591254
-1779.048016 -123.545001 2.591254
-1626.432906 -0.000000 2.591254
-1508.696678 114.295203 2.591254
-4615.866837 340.116504 2.591254
-1337.082822 192.539926 2.591254
-2862.046507 411.312073 2.591254
-3959.797975 565.685425 2.591254
-3045.651852 558.669866 2.591254
-1183.158068 260.695846 2.591254
-2702.409858 580.272055 2.591254
-1086.854690 317.400042 2.591254
-937.424671 348.186306 2.591254
-4501.297609 1655.649695 2.591254
-901.713255 410.681285 2.591254
-4357.452402 1959.564394 2.591254
-839.218277 446.392701 2.591254
-3895.715058 2068.095648 2.591254
-781.998225 492.043827 2.591254
-3364.997286 2097.660646 2.591254
-729.279244 527.189815 2.591254
-3233.959645 2353.970626 2.591254
-3041.228580 2381.941266 2.591254
-678.001920 572.339283 2.591254
-2958.765789 2490.471923 2.591254
-2825.651071 2551.520743 2.591254
-623.550903 605.986089 2.591254
-2584.743122 2667.454902 2.591254
-579.638867 641.115717 2.591254
-2424.975633 2884.884805 2.591254
-537.163948 684.450837 2.591254
-2318.230310 2965.664000 2.591254
-2181.963830 2984.761843 2.591254
-485.180340 719.106575 2.591254
-1747.157146 2611.729754 2.591254
-1076.765866 2391.053614 2.591254
-325.043266 799.430735 2.591254
-272.333547 825.785594 2.591254
-219.623828 852.140454 2.591254
-315.386673 1231.025399 2.591254
-158.211159 870.161375 2.591254
-710.184271 3936.449962 2.591254
70.630822 670.992804 2.591254
105.946232 635.677394 2.591254
688.593347 3940.284152 2.591254
141.261643 582.704278 2.591254
176.577054 556.217720 2.591254
1744.643429 3599.474865 2.591254
276.775829 491.053891 2.591254
2618.101530 4539.899462 2.591254
384.711735 509.966718 2.591254
2458.774129 3155.064148 2.591254
2453.317904 3159.308668 2.591254
420.498873 483.126364 2.591254
2281.597881 2556.963142 2.591254
6017.603672 3774.354966 2.591254
384.711735 518.913502 2.591254
88.288527 679.821657 2.591254
662.790918 -331.395459 2.591254
748.006893 -511.295851 2.591254
-511.172144 719.106575 2.591254
776.412218 -577.574943 2.591254
154.075600 -1030.380577 2.591254
864.659057 -619.017279 2.591254
207.910968 -1164.301422 2.591254
932.575165 -773.613489 2.591254
-297.563014 1113.461602 2.591254
-1159.596469 257.688104 2.591254
302.646302 -1311.467307 2.591254
997.388655 -896.529128 2.591254
-329.974232 1258.026760 2.591254
-1335.143874 181.579567 2.591254
379.848959 -1448.174155 2.591254
1115.679071 -996.989808 2.591254
-414.202784 1373.409233 2.591254
-1506.945542 91.330033 2.591254
485.324196 -1567.970479 2.591254
-495.196257 1508.621155 2.591254
-1626.480689 -11.786092 2.591254
583.256837 -1684.964195 2.591254
1293.562365 -1228.884246 2.591254
1436.514798 -1061.209130 2.591254
1568.978298 -868.773107 2.591254
1619.958488 -764.620407 2.591254
-566.665979 1639.714322 2.591254
-1778.213496 -111.138343 2.591254
-1342.980652 -1342.980652 2.591254
674.770031 -1821.879084 2.591254
1410.847249 -1330.227406 2.591254
1554.253969 -1138.892995 2.591254
1757.980727 -805.182012 2.591254
-654.345145 1774.282028 2.591254
-1930.726267 -233.242099 2.591254
-1809.644792 -818.963336 2.591254
-1764.958582 -928.925570 2.591254
824.558734 -2046.672573 2.591254
1485.988582 -1664.307211 2.591254
1570.867426 -1512.687151 2.591254
1769.544752 -1301.565975 2.591254
1860.279319 -1133.607710 2.591254
1936.257218 -1056.140300 2.591254
1976.756688 -966.414381 2.591254
