2230.704629 5001.754541
2270.814429 4895.174521
2310.924228 4788.594502
2351.034028 4682.014482
2391.143827 4575.434462
2431.253627 4468.854442
2471.363426 4362.274423
2511.473226 4255.694403
2551.583025 4149.114383
2591.692825 4042.534363
2631.802624 3935.954344
2671.912424 3829.374324
2712.022223 3722.794304
2752.132023 3616.214284
2792.241822 3509.634265
2832.351622 3403.054245
2872.461422 3296.474225
2912.571221 3189.894206
2952.681021 3083.314186
2992.790820 2976.734166
3032.900620 2870.154146
3073.010419 2763.574127
3113.120219 2656.994107
3153.230018 2550.414087
3193.339818 2443.834067
3233.449617 2337.254048
3273.559417 2230.674028
3313.669216 2124.094008
3353.779016 2017.513988
3393.888815 1910.933969
3433.998615 1804.353949
3474.108414 1697.773929
3514.218214 1591.193909
3554.328014 1484.613890
3594.437813 1378.033870
3634.547613 1271.453850
3674.657412 1164.873830
3714.767212 1058.293811
3754.877011 951.713791
3794.986811 845.133771
3835.096610 738.553751
3875.206410 631.973732
3915.316209 525.393712
3955.426009 418.813692
3995.535808 312.233673
4035.645608 205.653653
4075.755407 99.073633
4115.865207 -7.506387
4155.975007 -114.086406
4196.084806 -220.666426
-6098.963222 1867.008381
-6058.853423 1760.428361
-6018.743623 1653.848341
-5978.633823 1547.268321
-5938.524024 1440.688302
-5898.414224 1334.108282
-5858.304425 1227.528262
-5818.194625 1120.948242
-5778.084826 1014.368223
-5737.975026 907.788203
-5697.865227 801.208183
-5657.755427 694.628164
-5617.645628 588.048144
-5577.535828 481.468124
-5537.426029 374.888104
-5497.316229 268.308085
-5457.206430 161.728065
-5417.096630 55.148045
-5376.986830 -51.431975
-5336.877031 -158.011994
-5296.767231 -264.592014
-5256.657432 -371.172034
-5216.547632 -477.752054
-5176.437833 -584.332073
-5136.328033 -690.912093
-5096.218234 -797.492113
-5056.108434 -904.072133
-5015.998635 -1010.652152
-4975.888835 -1117.232172
-4935.779036 -1223.812192
-4895.669236 -1330.392212
-4855.559437 -1436.972231
-4815.449637 -1543.552251
-4775.339838 -1650.132271
-4735.230038 -1756.712291
-4695.120238 -1863.292310
-4655.010439 -1969.872330
-4614.900639 -2076.452350
-4574.790840 -2183.032369
-4534.681040 -2289.612389
-4494.571241 -2396.192409
-4454.461441 -2502.772429
-4414.351642 -2609.352448
-4374.241842 -2715.932468
-4334.132043 -2822.512488
-4294.022243 -2929.092508
-4253.912444 -3035.672527
-4213.802644 -3142.252547
-4173.692845 -3248.832567
-4133.583045 -3355.412587
2230.704629 5001.754541
2060.711408 4937.780130
1890.718186 4873.805718
1720.724965 4809.831307
1550.731743 4745.856895
1380.738522 4681.882484
1210.745300 4617.908073
1040.752079 4553.933661
870.758857 4489.959250
700.765636 4425.984838
530.772415 4362.010427
360.779193 4298.036015
190.785972 4234.061604
20.792750 4170.087192
-149.200471 4106.112781
-319.193693 4042.138370
-489.186914 3978.163958
-659.180136 3914.189547
-829.173357 3850.215135
-999.166579 3786.240724
-1169.159800 3722.266312
-1339.153021 3658.291901
-1509.146243 3594.317489
-1679.139464 3530.343078
-1849.132686 3466.368667
-2019.125907 3402.394255
-2189.119129 3338.419844
-2359.112350 3274.445432
-2529.105572 3210.471021
-2699.098793 3146.496609
-2869.092014 3082.522198
-3039.085236 3018.547787
-3209.078457 2954.573375
-3379.071679 2890.598964
-3549.064900 2826.624552
-3719.058122 2762.650141
-3889.051343 2698.675729
-4059.044565 2634.701318
-4229.037786 2570.726906
-4399.031008 2506.752495
-4569.024229 2442.778084
-4739.017450 2378.803672
-4909.010672 2314.829261
-5079.003893 2250.854849
-5248.997115 2186.880438
-5418.990336 2122.906026
-5588.983558 2058.931615
-5758.976779 1994.957204
-5928.970001 1930.982792
-6098.963222 1867.008381
4196.084806 -220.666426
4026.091585 -284.640838
3856.098363 -348.615249
3686.105142 -412.589660
3516.111920 -476.564072
3346.118699 -540.538483
3176.125477 -604.512895
3006.132256 -668.487306
2836.139034 -732.461718
2666.145813 -796.436129
2496.152592 -860.410541
2326.159370 -924.384952
2156.166149 -988.359363
1986.172927 -1052.333775
1816.179706 -1116.308186
1646.186484 -1180.282598
1476.193263 -1244.257009
1306.200041 -1308.231421
1136.206820 -1372.205832
966.213598 -1436.180244
796.220377 -1500.154655
626.227156 -1564.129066
456.233934 -1628.103478
286.240713 -1692.077889
116.247491 -1756.052301
-53.745730 -1820.026712
-223.738952 -1884.001124
-393.732173 -1947.975535
-563.725395 -2011.949946
-733.718616 -2075.924358
-903.711837 -2139.898769
-1073.705059 -2203.873181
-1243.698280 -2267.847592
-1413.691502 -2331.822004
-1583.684723 -2395.796415
-1753.677945 -2459.770827
-1923.671166 -2523.745238
-2093.664388 -2587.719649
-2263.657609 -2651.694061
-2433.650831 -2715.668472
-2603.644052 -2779.642884
-2773.637273 -2843.617295
-2943.630495 -2907.591707
-3113.623716 -2971.566118
-3283.616938 -3035.540529
-3453.610159 -3099.514941
-3623.603381 -3163.489352
-3793.596602 -3227.463764
-3963.589824 -3291.438175
-4133.583045 -3355.412587
1372.067233 3620.833898
1397.944523 3552.072595
1423.821813 3483.311292
1449.699103 3414.549989
1475.576393 3345.788686
1501.453683 3277.027383
1527.330973 3208.266080
1553.208263 3139.504777
1579.085553 3070.743474
1604.962843 3001.982171
1630.840133 2933.220868
1656.717423 2864.459565
1682.594713 2795.698262
1708.472003 2726.936959
1734.349293 2658.175656
1760.226583 2589.414353
1786.103873 2520.653050
1811.981163 2451.891746
1837.858453 2383.130443
1863.735743 2314.369140
1889.613033 2245.607837
1915.490323 2176.846534
1941.367613 2108.085231
1967.244903 2039.323928
1993.122193 1970.562625
2018.999483 1901.801322
2044.876773 1833.040019
2070.754063 1764.278716
2096.631353 1695.517413
2122.508643 1626.756110
2148.385933 1557.994807
2174.263223 1489.233504
2200.140513 1420.472201
2226.017803 1351.710898
2251.895093 1282.949594
2277.772383 1214.188291
2303.649673 1145.426988
2329.526963 1076.665685
2355.404253 1007.904382
2381.281543 939.143079
2407.158833 870.381776
2433.036123 801.620473
2458.913413 732.859170
2484.790703 664.097867
2510.667993 595.336564
2536.545283 526.575261
2562.422573 457.813958
2588.299863 389.052655
2614.177153 320.291352
2640.054443 251.530049
2579.401112 4075.195982
2554.761645 4065.923287
2530.122178 4056.650591
2505.482711 4047.377896
2480.843244 4038.105200
2456.203777 4028.832504
2431.564310 4019.559809
2406.924844 4010.287113
2382.285377 4001.014418
2357.645910 3991.741722
2333.006443 3982.469027
2308.366976 3973.196331
2283.727509 3963.923635
2259.088042 3954.650940
2234.448575 3945.378244
2209.809108 3936.105549
2185.169641 3926.832853
2160.530174 3917.560157
2135.890707 3908.287462
2111.251240 3899.014766
2086.611773 3889.742071
2061.972307 3880.469375
2037.332840 3871.196679
2012.693373 3861.923984
1988.053906 3852.651288
1963.414439 3843.378593
1938.774972 3834.105897
1914.135505 3824.833201
1889.496038 3815.560506
1864.856571 3806.287810
1840.217104 3797.015115
1815.577637 3787.742419
1790.938170 3778.469724
1766.298703 3769.197028
1741.659236 3759.924332
1717.019770 3750.651637
1692.380303 3741.378941
1667.740836 3732.106246
1643.101369 3722.833550
1618.461902 3713.560854
1593.822435 3704.288159
1569.182968 3695.015463
1544.543501 3685.742768
1519.904034 3676.470072
1495.264567 3667.197376
1470.625100 3657.924681
1445.985633 3648.651985
1421.346166 3639.379290
1396.706699 3630.106594
1372.067233 3620.833898
3847.388323 705.892133
3822.748856 696.619437
3798.109389 687.346741
3773.469922 678.074046
3748.830455 668.801350
3724.190988 659.528655
3699.551521 650.255959
3674.912055 640.983263
3650.272588 631.710568
3625.633121 622.437872
3600.993654 613.165177
3576.354187 603.892481
3551.714720 594.619785
3527.075253 585.347090
3502.435786 576.074394
3477.796319 566.801699
3453.156852 557.529003
3428.517385 548.256307
3403.877918 538.983612
3379.238451 529.710916
3354.598984 520.438221
3329.959518 511.165525
3305.320051 501.892830
3280.680584 492.620134
3256.041117 483.347438
3231.401650 474.074743
3206.762183 464.802047
3182.122716 455.529352
3157.483249 446.256656
3132.843782 436.983960
3108.204315 427.711265
3083.564848 418.438569
3058.925381 409.165874
3034.285914 399.893178
3009.646447 390.620482
2985.006981 381.347787
2960.367514 372.075091
2935.728047 362.802396
2911.088580 353.529700
2886.449113 344.257005
2861.809646 334.984309
2837.170179 325.711613
2812.530712 316.438918
2787.891245 307.166222
2763.251778 297.893527
2738.612311 288.620831
2713.972844 279.348135
2689.333377 270.075440
2664.693910 260.802744
2640.054443 251.530049
-4542.932859 1394.811906
-4517.055569 1326.050603
-4491.178279 1257.289300
-4465.300989 1188.527997
-4439.423699 1119.766694
-4413.546409 1051.005391
-4387.669119 982.244088
-4361.791829 913.482784
-4335.914539 844.721481
-4310.037249 775.960178
-4284.159959 707.198875
-4258.282669 638.437572
-4232.405379 569.676269
-4206.528089 500.914966
-4180.650799 432.153663
-4154.773509 363.392360
-4128.896219 294.631057
-4103.018929 225.869754
-4077.141639 157.108451
-4051.264349 88.347148
-4025.387059 19.585845
-3999.509769 -49.175458
-3973.632479 -117.936761
-3947.755189 -186.698064
-3921.877899 -255.459368
-3896.000609 -324.220671
-3870.123319 -392.981974
-3844.246029 -461.743277
-3818.368739 -530.504580
-3792.491449 -599.265883
-3766.614159 -668.027186
-3740.736869 -736.788489
-3714.859579 -805.549792
-3688.982289 -874.311095
-3663.104999 -943.072398
-3637.227709 -1011.833701
-3611.350419 -1080.595004
-3585.473129 -1149.356307
-3559.595839 -1218.117610
-3533.718549 -1286.878913
-3507.841259 -1355.640216
-3481.963969 -1424.401520
-3456.086679 -1493.162823
-3430.209389 -1561.924126
-3404.332099 -1630.685429
-3378.454809 -1699.446732
-3352.577519 -1768.208035
-3326.700229 -1836.969338
-3300.822939 -1905.730641
-3274.945649 -1974.491944
-5750.266739 940.449822
-5725.627272 949.722518
-5700.987805 958.995213
-5676.348338 968.267909
-5651.708871 977.540604
-5627.069404 986.813300
-5602.429937 996.085995
-5577.790471 1005.358691
-5553.151004 1014.631387
-5528.511537 1023.904082
-5503.872070 1033.176778
-5479.232603 1042.449473
-5454.593136 1051.722169
-5429.953669 1060.994865
-5405.314202 1070.267560
-5380.674735 1079.540256
-5356.035268 1088.812951
-5331.395801 1098.085647
-5306.756334 1107.358343
-5282.116867 1116.631038
-5257.477400 1125.903734
-5232.837934 1135.176429
-5208.198467 1144.449125
-5183.559000 1153.721821
-5158.919533 1162.994516
-5134.280066 1172.267212
-5109.640599 1181.539907
-5085.001132 1190.812603
-5060.361665 1200.085298
-5035.722198 1209.357994
-5011.082731 1218.630690
-4986.443264 1227.903385
-4961.803797 1237.176081
-4937.164330 1246.448776
-4912.524863 1255.721472
-4887.885397 1264.994168
-4863.245930 1274.266863
-4838.606463 1283.539559
-4813.966996 1292.812254
-4789.327529 1302.084950
-4764.688062 1311.357646
-4740.048595 1320.630341
-4715.409128 1329.903037
-4690.769661 1339.175732
-4666.130194 1348.448428
-4641.490727 1357.721124
-4616.851260 1366.993819
-4592.211793 1376.266515
-4567.572326 1385.539210
-4542.932859 1394.811906
-4482.279528 -2428.854028
-4457.640061 -2419.581332
-4433.000594 -2410.308637
-4408.361127 -2401.035941
-4383.721660 -2391.763246
-4359.082193 -2382.490550
-4334.442726 -2373.217854
-4309.803260 -2363.945159
-4285.163793 -2354.672463
-4260.524326 -2345.399768
-4235.884859 -2336.127072
-4211.245392 -2326.854376
-4186.605925 -2317.581681
-4161.966458 -2308.308985
-4137.326991 -2299.036290
-4112.687524 -2289.763594
-4088.048057 -2280.490898
-4063.408590 -2271.218203
-4038.769123 -2261.945507
-4014.129656 -2252.672812
-3989.490189 -2243.400116
-3964.850723 -2234.127421
-3940.211256 -2224.854725
-3915.571789 -2215.582029
-3890.932322 -2206.309334
-3866.292855 -2197.036638
-3841.653388 -2187.763943
-3817.013921 -2178.491247
-3792.374454 -2169.218551
-3767.734987 -2159.945856
-3743.095520 -2150.673160
-3718.456053 -2141.400465
-3693.816586 -2132.127769
-3669.177119 -2122.855073
-3644.537652 -2113.582378
-3619.898186 -2104.309682
-3595.258719 -2095.036987
-3570.619252 -2085.764291
-3545.979785 -2076.491595
-3521.340318 -2067.218900
-3496.700851 -2057.946204
-3472.061384 -2048.673509
-3447.421917 -2039.400813
-3422.782450 -2030.128118
-3398.142983 -2020.855422
-3373.503516 -2011.582726
-3348.864049 -2002.310031
-3324.224582 -1993.037335
-3299.585115 -1983.764640
-3274.945649 -1974.491944
31.250881 -1788.039506
-8.858919 -1681.459487
-48.968719 -1574.879467
-89.078518 -1468.299447
-129.188318 -1361.719427
-169.298117 -1255.139408
-209.407917 -1148.559388
-249.517716 -1041.979368
-289.627516 -935.399348
-329.737315 -828.819329
-369.847115 -722.239309
-409.956914 -615.659289
-450.066714 -509.079270
-490.176513 -402.499250
-530.286313 -295.919230
-570.396112 -189.339210
-610.505912 -82.759191
-650.615712 23.820829
-690.725511 130.400849
-730.835311 236.980869
-770.945110 343.560888
-811.054910 450.140908
-851.164709 556.720928
-891.274509 663.300948
-931.384308 769.880967
-971.494108 876.460987
-1011.603907 983.041007
-1051.713707 1089.621027
-1091.823506 1196.201046
-1131.933306 1302.781066
-1172.043105 1409.361086
-1212.152905 1515.941106
-1252.262704 1622.521125
-1292.372504 1729.101145
-1332.482304 1835.681165
-1372.592103 1942.261185
-1412.701903 2048.841204
-1452.811702 2155.421224
-1492.921502 2262.001244
-1533.031301 2368.581263
-1573.141101 2475.161283
-1613.250900 2581.741303
-1653.360700 2688.321323
-1693.470499 2794.901342
-1733.580299 2901.481362
-1773.690098 3008.061382
-1813.799898 3114.641402
-1853.909697 3221.221421
-1894.019497 3327.801441
-1934.129297 3434.381461
-15.521472 1175.389647
-68.246067 1292.180440
-135.472670 1401.270111
-216.097420 1500.867410
-308.796462 1589.336952
-412.047681 1665.226071
-524.155693 1727.288668
-643.279689 1774.505677
-767.463655 1806.101797
-894.668496 1821.558220
-1022.805509 1820.621152
-1149.770690 1803.305980
-1273.479274 1769.897018
-1391.899968 1720.942841
-1503.088309 1657.247274
-1605.218587 1579.856198
-1696.613826 1490.040372
-1775.773318 1389.274568
-1841.397267 1279.213359
-1892.408129 1161.663947
-1927.968307 1038.556490
-1947.493905 911.912408
-1950.664312 783.811195
-1937.427470 656.356268
-1908.000728 531.640434
-1862.867273 411.711523
-1802.768194 298.538766
-1728.690317 193.980455
-1641.849998 99.753434
-1543.673153 17.404910
-1435.771842 -51.712957
-1319.917804 -106.465255
-1198.013357 -145.952951
-1072.060169 -169.527660
-944.126389 -176.802284
-816.312684 -167.657375
-690.717754 -142.243091
-569.403863 -100.976735
-454.362981 -44.535900
-347.484077 26.152659
-250.522100 109.928236
-165.069163 205.415239
-92.528399 311.045775
-34.090928 425.085392
9.283710 545.661563
36.883304 670.794432
48.254670 798.429319
43.211090 926.470463
21.835380 1052.815433
-15.521472 1175.389647
