-10612.251903 -16297.160959
-10739.900767 -16089.118630
-10867.549632 -15881.076300
-10995.198496 -15673.033971
-11122.847360 -15464.991641
-11250.496224 -15256.949312
-11378.145089 -15048.906982
-11505.793953 -14840.864653
-11633.442817 -14632.822324
-11761.091681 -14424.779994
-11888.740546 -14216.737665
-12016.389410 -14008.695335
-12144.038274 -13800.653006
-12271.687139 -13592.610676
-12399.336003 -13384.568347
-12526.984867 -13176.526017
-12654.633731 -12968.483688
-12782.282596 -12760.441358
-12909.931460 -12552.399029
-13037.580324 -12344.356699
-13165.229188 -12136.314370
-13292.878053 -11928.272040
-13420.526917 -11720.229711
-13548.175781 -11512.187382
-13675.824645 -11304.145052
-13803.473510 -11096.102723
-13931.122374 -10888.060393
-14058.771238 -10680.018064
-14186.420103 -10471.975734
-14314.068967 -10263.933405
-14441.717831 -10055.891075
-14569.366695 -9847.848746
-14697.015560 -9639.806416
-14824.664424 -9431.764087
-14952.313288 -9223.721757
-15079.962152 -9015.679428
-15207.611017 -8807.637098
-15335.259881 -8599.594769
-15462.908745 -8391.552440
-15590.557610 -8183.510110
-15718.206474 -7975.467781
-15845.855338 -7767.425451
-15973.504202 -7559.383122
-16101.153067 -7351.340792
-16228.801931 -7143.298463
-16356.450795 -6935.256133
-16484.099659 -6727.213804
-16611.748524 -6519.171474
-16739.397388 -6311.129145
-16867.046252 -6103.086815
4691.644523 -6907.124794
4563.995658 -6699.082464
4436.346794 -6491.040135
4308.697930 -6282.997805
4181.049066 -6074.955476
4053.400201 -5866.913146
3925.751337 -5658.870817
3798.102473 -5450.828487
3670.453609 -5242.786158
3542.804744 -5034.743828
3415.155880 -4826.701499
3287.507016 -4618.659170
3159.858151 -4410.616840
3032.209287 -4202.574511
2904.560423 -3994.532181
2776.911559 -3786.489852
2649.262694 -3578.447522
2521.613830 -3370.405193
2393.964966 -3162.362863
2266.316102 -2954.320534
2138.667237 -2746.278204
2011.018373 -2538.235875
1883.369509 -2330.193545
1755.720645 -2122.151216
1628.071780 -1914.108886
1500.422916 -1706.066557
1372.774052 -1498.024228
1245.125187 -1289.981898
1117.476323 -1081.939569
989.827459 -873.897239
862.178595 -665.854910
734.529730 -457.812580
606.880866 -249.770251
479.232002 -41.727921
351.583138 166.314408
223.934273 374.356738
96.285409 582.399067
-31.363455 790.441397
-159.012320 998.483726
-286.661184 1206.526055
-414.310048 1414.568385
-541.958912 1622.610714
-669.607777 1830.653044
-797.256641 2038.695373
-924.905505 2246.737703
-1052.554369 2454.780032
-1180.203234 2662.822362
-1307.852098 2870.864691
-1435.500962 3078.907021
-1563.149827 3286.949350
-10612.251903 -16297.160959
-10299.927486 -16105.527568
-9987.603069 -15913.894177
-9675.278652 -15722.260786
-9362.954236 -15530.627395
-9050.629819 -15338.994004
-8738.305402 -15147.360612
-8425.980985 -14955.727221
-8113.656568 -14764.093830
-7801.332151 -14572.460439
-7489.007734 -14380.827048
-7176.683318 -14189.193657
-6864.358901 -13997.560266
-6552.034484 -13805.926874
-6239.710067 -13614.293483
-5927.385650 -13422.660092
-5615.061233 -13231.026701
-5302.736817 -13039.393310
-4990.412400 -12847.759919
-4678.087983 -12656.126528
-4365.763566 -12464.493137
-4053.439149 -12272.859745
-3741.114732 -12081.226354
-3428.790315 -11889.592963
-3116.465899 -11697.959572
-2804.141482 -11506.326181
-2491.817065 -11314.692790
-2179.492648 -11123.059399
-1867.168231 -10931.426007
-1554.843814 -10739.792616
-1242.519397 -10548.159225
-930.194981 -10356.525834
-617.870564 -10164.892443
-305.546147 -9973.259052
6.778270 -9781.625661
319.102687 -9589.992270
631.427104 -9398.358878
943.751521 -9206.725487
1256.075937 -9015.092096
1568.400354 -8823.458705
1880.724771 -8631.825314
2193.049188 -8440.191923
2505.373605 -8248.558532
2817.698022 -8056.925140
3130.022438 -7865.291749
3442.346855 -7673.658358
3754.671272 -7482.024967
4066.995689 -7290.391576
4379.320106 -7098.758185
4691.644523 -6907.124794
-16867.046252 -6103.086815
-16554.721835 -5911.453424
-16242.397419 -5719.820033
-15930.073002 -5528.186642
-15617.748585 -5336.553251
-15305.424168 -5144.919860
-14993.099751 -4953.286469
-14680.775334 -4761.653078
-14368.450917 -4570.019686
-14056.126501 -4378.386295
-13743.802084 -4186.752904
-13431.477667 -3995.119513
-13119.153250 -3803.486122
-12806.828833 -3611.852731
-12494.504416 -3420.219340
-12182.179999 -3228.585948
-11869.855583 -3036.952557
-11557.531166 -2845.319166
-11245.206749 -2653.685775
-10932.882332 -2462.052384
-10620.557915 -2270.418993
-10308.233498 -2078.785602
-9995.909081 -1887.152210
-9683.584665 -1695.518819
-9371.260248 -1503.885428
-9058.935831 -1312.252037
-8746.611414 -1120.618646
-8434.286997 -928.985255
-8121.962580 -737.351864
-7809.638164 -545.718473
-7497.313747 -354.085081
-7184.989330 -162.451690
-6872.664913 29.181701
-6560.340496 220.815092
-6248.016079 412.448483
-5935.691662 604.081874
-5623.367246 795.715265
-5311.042829 987.348657
-4998.718412 1178.982048
-4686.393995 1370.615439
-4374.069578 1562.248830
-4061.745161 1753.882221
-3749.420744 1945.515612
-3437.096328 2137.149003
-3124.771911 2328.782394
-2812.447494 2520.415786
-2500.123077 2712.049177
-2187.798660 2903.682568
-1875.474243 3095.315959
-1563.149827 3286.949350
-10147.665167 -12732.924131
-10215.652062 -12622.118978
-10283.638958 -12511.313824
-10351.625853 -12400.508670
-10419.612748 -12289.703516
-10487.599643 -12178.898363
-10555.586538 -12068.093209
-10623.573433 -11957.288055
-10691.560328 -11846.482901
-10759.547223 -11735.677748
-10827.534118 -11624.872594
-10895.521013 -11514.067440
-10963.507909 -11403.262287
-11031.494804 -11292.457133
-11099.481699 -11181.651979
-11167.468594 -11070.846825
-11235.455489 -10960.041672
-11303.442384 -10849.236518
-11371.429279 -10738.431364
-11439.416174 -10627.626210
-11507.403069 -10516.821057
-11575.389964 -10406.015903
-11643.376860 -10295.210749
-11711.363755 -10184.405595
-11779.350650 -10073.600442
-11847.337545 -9962.795288
-11915.324440 -9851.990134
-11983.311335 -9741.184980
-12051.298230 -9630.379827
-12119.285125 -9519.574673
-12187.272020 -9408.769519
-12255.258915 -9297.964366
-12323.245811 -9187.159212
-12391.232706 -9076.354058
-12459.219601 -8965.548904
-12527.206496 -8854.743751
-12595.193391 -8743.938597
-12663.180286 -8633.133443
-12731.167181 -8522.328289
-12799.154076 -8411.523136
-12867.140971 -8300.717982
-12935.127866 -8189.912828
-13003.114762 -8079.107674
-13071.101657 -7968.302521
-13139.088552 -7857.497367
-13207.075447 -7746.692213
-13275.062342 -7635.887059
-13343.049237 -7525.081906
-13411.036132 -7414.276752
-13479.023027 -7303.471598
-12073.970148 -13914.850154
-12034.657801 -13890.729215
-11995.345455 -13866.608275
-11956.033108 -13842.487336
-11916.720761 -13818.366397
-11877.408415 -13794.245458
-11838.096068 -13770.124518
-11798.783722 -13746.003579
-11759.471375 -13721.882640
-11720.159029 -13697.761701
-11680.846682 -13673.640762
-11641.534336 -13649.519822
-11602.221989 -13625.398883
-11562.909643 -13601.277944
-11523.597296 -13577.157005
-11484.284950 -13553.036065
-11444.972603 -13528.915126
-11405.660257 -13504.794187
-11366.347910 -13480.673248
-11327.035563 -13456.552308
-11287.723217 -13432.431369
-11248.410870 -13408.310430
-11209.098524 -13384.189491
-11169.786177 -13360.068551
-11130.473831 -13335.947612
-11091.161484 -13311.826673
-11051.849138 -13287.705734
-11012.536791 -13263.584795
-10973.224445 -13239.463855
-10933.912098 -13215.342916
-10894.599752 -13191.221977
-10855.287405 -13167.101038
-10815.975058 -13142.980098
-10776.662712 -13118.859159
-10737.350365 -13094.738220
-10698.038019 -13070.617281
-10658.725672 -13046.496341
-10619.413326 -13022.375402
-10580.100979 -12998.254463
-10540.788633 -12974.133524
-10501.476286 -12950.012584
-10462.163940 -12925.891645
-10422.851593 -12901.770706
-10383.539247 -12877.649767
-10344.226900 -12853.528828
-10304.914553 -12829.407888
-10265.602207 -12805.286949
-10226.289860 -12781.166010
-10186.977514 -12757.045071
-10147.665167 -12732.924131
-15405.328008 -8485.397621
-15366.015661 -8461.276682
-15326.703314 -8437.155742
-15287.390968 -8413.034803
-15248.078621 -8388.913864
-15208.766275 -8364.792925
-15169.453928 -8340.671985
-15130.141582 -8316.551046
-15090.829235 -8292.430107
-15051.516889 -8268.309168
-15012.204542 -8244.188228
-14972.892196 -8220.067289
-14933.579849 -8195.946350
-14894.267503 -8171.825411
-14854.955156 -8147.704472
-14815.642809 -8123.583532
-14776.330463 -8099.462593
-14737.018116 -8075.341654
-14697.705770 -8051.220715
-14658.393423 -8027.099775
-14619.081077 -8002.978836
-14579.768730 -7978.857897
-14540.456384 -7954.736958
-14501.144037 -7930.616018
-14461.831691 -7906.495079
-14422.519344 -7882.374140
-14383.206998 -7858.253201
-14343.894651 -7834.132261
-14304.582305 -7810.011322
-14265.269958 -7785.890383
-14225.957611 -7761.769444
-14186.645265 -7737.648505
-14147.332918 -7713.527565
-14108.020572 -7689.406626
-14068.708225 -7665.285687
-14029.395879 -7641.164748
-13990.083532 -7617.043808
-13950.771186 -7592.922869
-13911.458839 -7568.801930
-13872.146493 -7544.680991
-13832.834146 -7520.560051
-13793.521800 -7496.439112
-13754.209453 -7472.318173
-13714.897106 -7448.197234
-13675.584760 -7424.076294
-13636.272413 -7399.955355
-13596.960067 -7375.834416
-13557.647720 -7351.713477
-13518.335374 -7327.592538
-13479.023027 -7303.471598
1303.621298 -5706.740011
1235.634403 -5595.934857
1167.647508 -5485.129703
1099.660612 -5374.324550
1031.673717 -5263.519396
963.686822 -5152.714242
895.699927 -5041.909088
827.713032 -4931.103935
759.726137 -4820.298781
691.739242 -4709.493627
623.752347 -4598.688473
555.765452 -4487.883320
487.778557 -4377.078166
419.791661 -4266.273012
351.804766 -4155.467859
283.817871 -4044.662705
215.830976 -3933.857551
147.844081 -3823.052397
79.857186 -3712.247244
11.870291 -3601.442090
-56.116604 -3490.636936
-124.103499 -3379.831782
-192.090394 -3269.026629
-260.077290 -3158.221475
-328.064185 -3047.416321
-396.051080 -2936.611167
-464.037975 -2825.806014
-532.024870 -2715.000860
-600.011765 -2604.195706
-667.998660 -2493.390552
-735.985555 -2382.585399
-803.972450 -2271.780245
-871.959345 -2160.975091
-939.946241 -2050.169938
-1007.933136 -1939.364784
-1075.920031 -1828.559630
-1143.906926 -1717.754476
-1211.893821 -1606.949323
-1279.880716 -1496.144169
-1347.867611 -1385.339015
-1415.854506 -1274.533861
-1483.841401 -1163.728708
-1551.828296 -1052.923554
-1619.815192 -942.118400
-1687.802087 -831.313246
-1755.788982 -720.508093
-1823.775877 -609.702939
-1891.762772 -498.897785
-1959.749667 -388.092631
-2027.736562 -277.287478
3229.926278 -4524.813988
3190.613932 -4548.934928
3151.301585 -4573.055867
3111.989238 -4597.176806
3072.676892 -4621.297745
3033.364545 -4645.418684
2994.052199 -4669.539624
2954.739852 -4693.660563
2915.427506 -4717.781502
2876.115159 -4741.902441
2836.802813 -4766.023381
2797.490466 -4790.144320
2758.178120 -4814.265259
2718.865773 -4838.386198
2679.553427 -4862.507138
2640.241080 -4886.628077
2600.928733 -4910.749016
2561.616387 -4934.869955
2522.304040 -4958.990895
2482.991694 -4983.111834
2443.679347 -5007.232773
2404.367001 -5031.353712
2365.054654 -5055.474651
2325.742308 -5079.595591
2286.429961 -5103.716530
2247.117615 -5127.837469
2207.805268 -5151.958408
2168.492922 -5176.079348
2129.180575 -5200.200287
2089.868228 -5224.321226
2050.555882 -5248.442165
2011.243535 -5272.563105
1971.931189 -5296.684044
1932.618842 -5320.804983
1893.306496 -5344.925922
1853.994149 -5369.046862
1814.681803 -5393.167801
1775.369456 -5417.288740
1736.057110 -5441.409679
1696.744763 -5465.530618
1657.432417 -5489.651558
1618.120070 -5513.772497
1578.807723 -5537.893436
1539.495377 -5562.014375
1500.183030 -5586.135315
1460.870684 -5610.256254
1421.558337 -5634.377193
1382.245991 -5658.498132
1342.933644 -5682.619072
1303.621298 -5706.740011
-101.431582 904.638545
-140.743928 880.517606
-180.056275 856.396666
-219.368621 832.275727
-258.680968 808.154788
-297.993315 784.033849
-337.305661 759.912909
-376.618008 735.791970
-415.930354 711.671031
-455.242701 687.550092
-494.555047 663.429152
-533.867394 639.308213
-573.179740 615.187274
-612.492087 591.066335
-651.804433 566.945396
-691.116780 542.824456
-730.429126 518.703517
-769.741473 494.582578
-809.053820 470.461639
-848.366166 446.340699
-887.678513 422.219760
-926.990859 398.098821
-966.303206 373.977882
-1005.615552 349.856942
-1044.927899 325.736003
-1084.240245 301.615064
-1123.552592 277.494125
-1162.864938 253.373185
-1202.177285 229.252246
-1241.489631 205.131307
-1280.801978 181.010368
-1320.114325 156.889429
-1359.426671 132.768489
-1398.739018 108.647550
-1438.051364 84.526611
-1477.363711 60.405672
-1516.676057 36.284732
-1555.988404 12.163793
-1595.300750 -11.957146
-1634.613097 -36.078085
-1673.925443 -60.199025
-1713.237790 -84.319964
-1752.550136 -108.440903
-1791.862483 -132.561842
-1831.174830 -156.682782
-1870.487176 -180.803721
-1909.799523 -204.924660
-1949.111869 -229.045599
-1988.424216 -253.166538
-2027.736562 -277.287478
-9215.098039 -1408.068733
-9087.449175 -1616.111062
-8959.800311 -1824.153392
-8832.151447 -2032.195721
-8704.502582 -2240.238051
-8576.853718 -2448.280380
-8449.204854 -2656.322709
-8321.555989 -2864.365039
-8193.907125 -3072.407368
-8066.258261 -3280.449698
-7938.609397 -3488.492027
-7810.960532 -3696.534357
-7683.311668 -3904.576686
-7555.662804 -4112.619016
-7428.013940 -4320.661345
-7300.365075 -4528.703675
-7172.716211 -4736.746004
-7045.067347 -4944.788334
-6917.418483 -5152.830663
-6789.769618 -5360.872992
-6662.120754 -5568.915322
-6534.471890 -5776.957651
-6406.823025 -5984.999981
-6279.174161 -6193.042310
-6151.525297 -6401.084640
-6023.876433 -6609.126969
-5896.227568 -6817.169299
-5768.578704 -7025.211628
-5640.929840 -7233.253958
-5513.280976 -7441.296287
-5385.632111 -7649.338617
-5257.983247 -7857.380946
-5130.334383 -8065.423276
-5002.685518 -8273.465605
-4875.036654 -8481.507934
-4747.387790 -8689.550264
-4619.738926 -8897.592593
-4492.090061 -9105.634923
-4364.441197 -9313.677252
-4236.792333 -9521.719582
-4109.143469 -9729.761911
-3981.494604 -9937.804241
-3853.845740 -10145.846570
-3726.196876 -10353.888900
-3598.548011 -10561.931229
-3470.899147 -10769.973559
-3343.250283 -10978.015888
-3215.601419 -11186.058218
-3087.952554 -11394.100547
-2960.303690 -11602.142876
-12216.558939 -12248.358799
-12252.633618 -12189.564227
-12288.708297 -12130.769656
-12324.782976 -12071.975085
-12360.857655 -12013.180513
-12396.932334 -11954.385942
-12433.007013 -11895.591371
-12469.081692 -11836.796799
-12505.156371 -11778.002228
-12541.231050 -11719.207656
-12577.305729 -11660.413085
-12613.380408 -11601.618514
-12649.455087 -11542.823942
-12685.529766 -11484.029371
-12721.604445 -11425.234800
-12757.679124 -11366.440228
-12793.753803 -11307.645657
-12829.828483 -11248.851086
-12865.903162 -11190.056514
-12901.977841 -11131.261943
-12938.052520 -11072.467371
-12974.127199 -11013.672800
-13010.201878 -10954.878229
-13046.276557 -10896.083657
-13082.351236 -10837.289086
-13118.425915 -10778.494515
-13154.500594 -10719.699943
-13190.575273 -10660.905372
-13226.649952 -10602.110800
-13262.724631 -10543.316229
-13298.799310 -10484.521658
-13334.873989 -10425.727086
-13370.948668 -10366.932515
-13407.023347 -10308.137944
-13443.098026 -10249.343372
-13479.172705 -10190.548801
-13515.247384 -10131.754229
-13551.322063 -10072.959658
-13587.396742 -10014.165087
-13623.471421 -9955.370515
-13659.546100 -9896.575944
-13695.620779 -9837.781373
-13731.695458 -9778.986801
-13767.770137 -9720.192230
-13803.844816 -9661.397658
-13839.919495 -9602.603087
-13875.994174 -9543.808516
-13912.068854 -9485.013944
-13948.143533 -9426.219373
-13984.218212 -9367.424802
-12855.819441 -12640.590886
-12842.773309 -12632.586149
-12829.727176 -12624.581413
-12816.681043 -12616.576677
-12803.634910 -12608.571940
-12790.588778 -12600.567204
-12777.542645 -12592.562467
-12764.496512 -12584.557731
-12751.450380 -12576.552994
-12738.404247 -12568.548258
-12725.358114 -12560.543521
-12712.311982 -12552.538785
-12699.265849 -12544.534048
-12686.219716 -12536.529312
-12673.173583 -12528.524575
-12660.127451 -12520.519839
-12647.081318 -12512.515102
-12634.035185 -12504.510366
-12620.989053 -12496.505629
-12607.942920 -12488.500893
-12594.896787 -12480.496156
-12581.850655 -12472.491420
-12568.804522 -12464.486684
-12555.758389 -12456.481947
-12542.712256 -12448.477211
-12529.666124 -12440.472474
-12516.619991 -12432.467738
-12503.573858 -12424.463001
-12490.527726 -12416.458265
-12477.481593 -12408.453528
-12464.435460 -12400.448792
-12451.389328 -12392.444055
-12438.343195 -12384.439319
-12425.297062 -12376.434582
-12412.250929 -12368.429846
-12399.204797 -12360.425109
-12386.158664 -12352.420373
-12373.112531 -12344.415636
-12360.066399 -12336.410900
-12347.020266 -12328.406164
-12333.974133 -12320.401427
-12320.928001 -12312.396691
-12307.881868 -12304.391954
-12294.835735 -12296.387218
-12281.789602 -12288.382481
-12268.743470 -12280.377745
-12255.697337 -12272.373008
-12242.651204 -12264.368272
-12229.605072 -12256.363535
-12216.558939 -12248.358799
-14623.478714 -9759.656889
-14610.432581 -9751.652152
-14597.386449 -9743.647416
-14584.340316 -9735.642679
-14571.294183 -9727.637943
-14558.248050 -9719.633206
-14545.201918 -9711.628470
-14532.155785 -9703.623733
-14519.109652 -9695.618997
-14506.063520 -9687.614261
-14493.017387 -9679.609524
-14479.971254 -9671.604788
-14466.925122 -9663.600051
-14453.878989 -9655.595315
-14440.832856 -9647.590578
-14427.786723 -9639.585842
-14414.740591 -9631.581105
-14401.694458 -9623.576369
-14388.648325 -9615.571632
-14375.602193 -9607.566896
-14362.556060 -9599.562159
-14349.509927 -9591.557423
-14336.463794 -9583.552686
-14323.417662 -9575.547950
-14310.371529 -9567.543213
-14297.325396 -9559.538477
-14284.279264 -9551.533740
-14271.233131 -9543.529004
-14258.186998 -9535.524268
-14245.140866 -9527.519531
-14232.094733 -9519.514795
-14219.048600 -9511.510058
-14206.002467 -9503.505322
-14192.956335 -9495.500585
-14179.910202 -9487.495849
-14166.864069 -9479.491112
-14153.817937 -9471.486376
-14140.771804 -9463.481639
-14127.725671 -9455.476903
-14114.679539 -9447.472166
-14101.633406 -9439.467430
-14088.587273 -9431.462693
-14075.541140 -9423.457957
-14062.495008 -9415.453220
-14049.448875 -9407.448484
-14036.402742 -9399.443748
-14023.356610 -9391.439011
-14010.310477 -9383.434275
-13997.264344 -9375.429538
-13984.218212 -9367.424802
1808.816482 -3642.786807
1772.741803 -3583.992236
1736.667124 -3525.197665
1700.592445 -3466.403093
1664.517766 -3407.608522
1628.443087 -3348.813951
1592.368408 -3290.019379
1556.293729 -3231.224808
1520.219050 -3172.430236
1484.144371 -3113.635665
1448.069692 -3054.841094
1411.995013 -2996.046522
1375.920334 -2937.251951
1339.845655 -2878.457380
1303.770976 -2819.662808
1267.696297 -2760.868237
1231.621618 -2702.073666
1195.546939 -2643.279094
1159.472259 -2584.484523
1123.397580 -2525.689951
1087.322901 -2466.895380
1051.248222 -2408.100809
1015.173543 -2349.306237
979.098864 -2290.511666
943.024185 -2231.717095
906.949506 -2172.922523
870.874827 -2114.127952
834.800148 -2055.333380
798.725469 -1996.538809
762.650790 -1937.744238
726.576111 -1878.949666
690.501432 -1820.155095
654.426753 -1761.360524
618.352074 -1702.565952
582.277395 -1643.771381
546.202716 -1584.976809
510.128037 -1526.182238
474.053358 -1467.387667
437.978679 -1408.593095
401.904000 -1349.798524
365.829321 -1291.003953
329.754642 -1232.209381
293.679963 -1173.414810
257.605284 -1114.620239
221.530605 -1055.825667
185.455926 -997.031096
149.381247 -938.236524
113.306568 -879.441953
77.231889 -820.647382
41.157209 -761.852810
2448.076984 -3250.554720
2435.030852 -3258.559457
2421.984719 -3266.564193
2408.938586 -3274.568930
2395.892454 -3282.573666
2382.846321 -3290.578403
2369.800188 -3298.583139
2356.754056 -3306.587876
2343.707923 -3314.592612
2330.661790 -3322.597349
2317.615657 -3330.602085
2304.569525 -3338.606822
2291.523392 -3346.611558
2278.477259 -3354.616294
2265.431127 -3362.621031
2252.384994 -3370.625767
2239.338861 -3378.630504
2226.292729 -3386.635240
2213.246596 -3394.639977
2200.200463 -3402.644713
2187.154330 -3410.649450
2174.108198 -3418.654186
2161.062065 -3426.658923
2148.015932 -3434.663659
2134.969800 -3442.668396
2121.923667 -3450.673132
2108.877534 -3458.677869
2095.831401 -3466.682605
2082.785269 -3474.687342
2069.739136 -3482.692078
2056.693003 -3490.696814
2043.646871 -3498.701551
2030.600738 -3506.706287
2017.554605 -3514.711024
2004.508473 -3522.715760
1991.462340 -3530.720497
1978.416207 -3538.725233
1965.370074 -3546.729970
1952.323942 -3554.734706
1939.277809 -3562.739443
1926.231676 -3570.744179
1913.185544 -3578.748916
1900.139411 -3586.753652
1887.093278 -3594.758389
1874.047146 -3602.763125
1861.001013 -3610.767862
1847.954880 -3618.772598
1834.908747 -3626.777335
1821.862615 -3634.782071
1808.816482 -3642.786807
680.417712 -369.620723
667.371579 -377.625460
654.325446 -385.630196
641.279314 -393.634933
628.233181 -401.639669
615.187048 -409.644406
602.140916 -417.649142
589.094783 -425.653878
576.048650 -433.658615
563.002517 -441.663351
549.956385 -449.668088
536.910252 -457.672824
523.864119 -465.677561
510.817987 -473.682297
497.771854 -481.687034
484.725721 -489.691770
471.679589 -497.696507
458.633456 -505.701243
445.587323 -513.705980
432.541190 -521.710716
419.495058 -529.715453
406.448925 -537.720189
393.402792 -545.724926
380.356660 -553.729662
367.310527 -561.734398
354.264394 -569.739135
341.218262 -577.743871
328.172129 -585.748608
315.125996 -593.753344
302.079863 -601.758081
289.033731 -609.762817
275.987598 -617.767554
262.941465 -625.772290
249.895333 -633.777027
236.849200 -641.781763
223.803067 -649.786500
210.756935 -657.791236
197.710802 -665.795973
184.664669 -673.800709
171.618536 -681.805446
158.572404 -689.810182
145.526271 -697.814919
132.480138 -705.819655
119.434006 -713.824391
106.387873 -721.829128
93.341740 -729.833864
80.295608 -737.838601
67.249475 -745.843337
54.203342 -753.848074
41.157209 -761.852810
-7745.516434 -7522.294350
-7601.830607 -7725.939996
-7433.282811 -7909.539578
-7242.640598 -8070.078397
-7033.034305 -8204.920408
-6807.905664 -8311.851511
-6570.951280 -8389.115899
-6326.061937 -8435.444894
-6077.258712 -8450.077774
-5828.626947 -8432.774268
-5584.249168 -8383.818499
-5348.138053 -8304.014320
-5124.170538 -8194.672113
-4916.024165 -8057.587273
-4727.116691 -7895.010731
-4560.549971 -7709.611988
-4419.059026 -7504.435288
-4304.967135 -7282.849624
-4220.147682 -7048.493429
-4165.993401 -6805.214824
-4143.393503 -6557.008437
-4152.719078 -6307.949810
-4193.817001 -6062.128479
-4266.012444 -5823.580824
-4368.119961 -5596.223790
-4498.462949 -5383.790573
-4654.901180 -5189.769322
-4834.865941 -5017.345859
-5035.402218 -4869.351374
-5253.217209 -4748.215931
-5484.734399 -4655.928571
-5726.152281 -4594.004650
-5973.506781 -4563.460958
-6222.736345 -4564.799020
-6469.748630 -4597.996866
-6710.487701 -4662.509387
-6941.000630 -4757.277292
-7157.502400 -4880.744492
-7356.438058 -5030.883659
-7534.541087 -5205.229514
-7688.887040 -5400.919301
-7816.941559 -5614.739801
-7916.601994 -5843.180085
-7986.231924 -6082.489172
-8024.688025 -6328.737612
-8031.338852 -6577.882012
-8006.075196 -6825.831430
-7949.311886 -7068.514541
-7861.980975 -7301.946497
-7745.516434 -7522.294350
