6884.985958 -2616.306688
-1606.066992 -3574.851882
-8367.427415 5059.741408
1649.430202 -2820.791976
8683.010152 5553.614125
2376.710695 4670.080921
-7886.076578 -1814.392245
311.282497 6053.844937
-5336.538619 1511.093521
4215.196227 2867.299274
4279.342942 1094.733619
-5453.458089 6476.626090
-583.046210 -5724.389970
-6567.175102 1883.366059
3335.301446 1340.153791
-6048.257764 -3514.830620
3283.363247 -2426.735254
-9328.963905 4266.096250
7374.944010 -5862.626547
-6823.438688 3499.406853
-4645.223285 -54.701064
3183.941718 2696.635426
-3692.890001 -4182.007623
6308.040502 -2192.146864
2705.845076 -6391.719181
-2251.261180 -4047.061868
9099.486255 4677.854397
8319.045033 4779.412180
6915.319140 3341.842898
-1755.815890 5156.489936
3244.195510 -4499.563547
367.839299 4157.375765
-2513.451535 -4847.544020
-4289.604388 5945.418518
6166.310941 1315.471384
9104.804596 6256.228709
-2574.912745 5997.771402
-8326.417645 5205.707225
1639.072396 3453.881108
-6447.481260 -4226.613434
61.617622 4471.522885
-2986.788031 -1756.976340
7386.343700 3004.514987
2165.466587 -6408.393104
3215.905547 4287.665445
4395.462015 4032.844419
9133.378238 -4207.686802
-7719.482564 -3420.663466
-8104.584262 4180.010670
5875.517128 6251.709053
-1035.117082 -186.161468
-5049.210168 4251.698048
6494.679588 2821.923014
1471.162167 -2177.494186
-4334.221929 -6458.700423
1261.872376 3026.585139
6530.683893 2791.300616
-7860.801131 3993.300403
-5161.037664 4931.996682
-6887.206583 2469.232344
-5317.623768 -4718.502686
-6685.593718 -1690.771937
-1145.777135 -3730.199669
-689.125553 3755.670117
-127.743369 -5687.744092
-2772.819634 1655.029114
-8997.049760 -359.781588
7057.153508 745.595217
8630.872507 3696.866748
6840.679643 5467.914113
4716.593654 -4647.876135
-7157.267855 -2738.981092
-3335.192905 2957.622882
-4863.337806 -3993.549225
-98.735970 2399.109496
4697.018149 -5976.735536
4441.886549 -5648.239882
-1208.252523 5656.909654
8459.618370 5078.049601
-3091.585053 3275.190622
-1553.845636 20.041777
2560.219521 1606.441598
-5276.099750 5806.088133
-9090.623862 -3999.095622
2065.309370 2413.396171
-4575.022010 -855.136928
682.754391 -4298.109782
-4063.177550 1355.778232
1758.881054 659.827505
3510.392528 5026.034723
3781.650282 -2516.367786
6732.530566 5714.117310
-3800.060348 -4373.281945
-529.399577 -4108.765208
6377.887309 3783.337637
7316.556940 -5824.717513
8991.289682 1122.098468
-7072.464225 4824.003984
-5385.051263 -453.405758
-5748.098953 -4533.263998
8156.572366 4532.343376
-6341.943677 2655.540211
-9013.414930 -6422.654572
6284.465713 -304.618091
6255.860427 -2423.899579
279.533261 -3901.389538
2530.002346 -4233.823504
7971.654240 -2589.441348
5918.736411 208.666572
-4646.632789 2758.549852
1616.461605 1855.399119
-5278.326060 3999.256146
5661.723745 4316.562530
728.011253 2133.406399
-737.587392 -69.307871
-6147.262817 -6358.184107
8356.462974 1851.640769
-3931.155662 822.056957
314.203752 -1611.157300
-5581.077749 1691.825504
-8629.107627 -3682.959920
4429.264400 -811.881351
-7060.931120 -3420.821492
487.745473 3556.937718
-1886.605397 -3427.368934
1671.403561 -1150.403812
9000.829296 -1916.884423
660.461465 1875.287702
-1989.664142 -4389.883466
5142.901214 -1725.803673
6832.558570 -1145.736927
1758.380302 -4597.339849
-6944.077285 -2945.072232
144.270905 3868.411352
875.390549 -3901.507195
-7972.357915 3721.272560
2313.058782 3395.361063
5829.142959 -2633.065185
1070.048866 2486.552474
3432.012913 -477.119401
-1209.097706 -2285.530957
-1759.321387 5396.716931
5980.515820 -5831.119609
-760.362357 747.521960
7178.555333 -5133.951984
627.181492 -4104.849291
1870.753309 3956.645925
-9166.766249 1462.174420
-7984.032836 -4286.206835
-3744.342719 4540.344859
7448.726364 -2766.345006
7488.566777 2510.763664
-8673.057073 119.789516
-709.576305 6079.911059
3434.254555 4508.066006
-7605.669902 -1543.114579
-3725.446112 6215.965500
-4356.744780 6428.421819
638.395540 -5510.457932
-207.189282 -1590.557200
7726.901947 -2977.679671
2840.727800 -4337.562271
-3629.831421 -3787.544844
-9151.353011 2207.300379
-4102.066047 -1924.615268
2915.920002 -644.798962
-5547.252777 3288.021850
1253.974405 -6170.791786
716.244490 745.694957
3387.106363 -5875.965461
3221.072909 5887.107573
8486.546441 1349.383077
7946.705554 5347.578001
-1895.433931 5570.572730
6632.265637 -3714.110789
-6679.140434 4759.575481
6185.029365 -5513.217772
-291.971684 1824.155390
-6844.409803 -4166.130630
6976.182163 4629.717350
8992.961495 352.044171
-2822.845469 -325.495172
7449.828075 -1372.137015
2705.425035 3811.908158
-8288.130901 1866.551394
6335.914847 3779.858700
-8415.607649 1528.715490
-8880.644493 -5150.912743
-8893.440455 -3350.604172
1661.899995 -5060.816737
-5854.312443 -5392.107644
4717.324206 -842.156564
7785.037715 -2228.525762
9196.496662 6101.239918
9277.848055 -6045.559164
-5550.474181 4766.461756
-3940.050016 5492.503690
-915.632255 5900.588490
-4700.746482 6299.924374
-5101.648218 956.206296
-8208.731107 3433.468804
-1323.422223 178.819456
-4391.675162 -978.358668
10.715650 -1170.487571
510.816253 -1306.994526
-5736.607705 1378.009681
3021.803333 5164.100516
4538.578731 -1941.939797
7999.246796 1324.044144
-2918.102285 4315.921701
7195.213679 5183.410225
-55.343862 -2201.446126
939.879649 1275.857483
8153.212279 -5196.815970
-4142.420954 1632.441680
3152.349076 4190.181809
7940.937188 -223.736889
-7669.764258 -3600.598918
-5172.899745 -4611.317021
-2939.409738 -126.495364
-8784.894243 -1686.950697
-131.165693 4755.209342
-693.399900 -1082.171810
6790.940850 -1987.619923
3085.853211 1660.104928
6946.685231 -2664.556433
3345.462727 -3715.142250
-2180.364316 -2479.148832
-1068.928152 464.012302
-7498.475264 4934.265529
1861.846139 5407.817131
9325.804932 -1161.864082
4092.478902 4844.041341
-8752.307124 3007.174731
-765.337485 -1362.951488
131.704072 -3093.331838
-2320.290176 5674.043363
4377.983122 -2296.725386
-3667.397322 3452.422129
-8979.684720 4805.530053
-4999.481349 -401.479926
5990.926462 -505.197583
-4496.305166 -4187.069044
-7088.796560 -3691.236827
-3110.835456 2265.483105
-6182.342809 -4124.467585
-3673.469544 769.092917
2879.221519 -2717.572277
-3671.533877 1254.937916
-66.135470 1595.306474
1278.506987 4657.038034
1054.999267 2273.181893
8609.675678 5678.947392
-5183.363691 -5647.837283
-5100.677988 -1294.792045
2466.086006 958.188023
-3968.886515 4926.546488
7372.367205 415.141101
5876.982813 4384.823029
-46.467824 -2140.395425
-8418.959969 5213.751273
-7901.147485 -544.919769
1355.274563 -1138.272616
-4989.714953 1797.734061
-7255.923145 4790.274988
3268.812519 -3.601323
-1716.303924 3762.773295
3900.937375 2323.442187
-3933.980477 -138.320031
-455.954796 6309.908780
-4122.170310 -5926.341355
8500.391640 -4848.550339
-3984.842509 2558.084234
1313.322102 5626.493319
7828.588896 -5814.559916
2972.622408 2900.407652
8995.579847 -4753.071581
-6208.508349 4394.095308
7627.079347 -4775.663963
-556.690951 1392.588521
-2393.454703 5054.159236
-6082.204940 4386.086197
-1090.442377 -4818.448698
-7240.991355 2559.501945
-1284.715554 1432.100836
2200.207037 -3015.444071
-3797.637594 -3344.944740
5185.364056 -1109.854696
8089.079175 -2375.032843
1312.990565 3724.343859
-5711.869578 -4392.120032
7028.038777 -2070.673238
3199.068136 3663.764477
-6366.006939 5192.920481
1775.598608 -2165.471161
-8064.538384 5818.864539
-4185.105379 -3257.673753
2220.093689 -6192.312737
5574.496196 5818.389774
-7533.378353 236.113731
-9126.984728 2810.767927
6149.006761 1136.010999
-592.512263 -3156.707390
-4903.884311 -1029.303008
4005.712737 -6295.282547
5532.367741 -5329.205910
-6828.796881 -1710.665457
4350.298725 6287.267243
4428.646193 3618.687480
-8444.175131 4947.931297
-6392.356197 5187.587221
-1286.851699 2911.814470
-8687.366596 -3973.300753
-1251.843247 -846.207140
4301.226985 -4587.402763
-2790.371445 5675.213218
8106.068492 -5473.803273
4760.409200 3980.603031
1835.514721 528.577426
-2057.035765 1235.087070
3873.248301 3344.475817
4436.997331 -4015.376366
-2815.249897 -3475.142712
-5206.925248 2148.941251
373.464329 -1390.204002
6224.017435 3181.950368
-5197.304306 2244.268887
9311.893736 -980.922190
4584.205233 -6205.935602
-4328.373621 -1132.381580
3473.278832 -4964.146399
9384.677872 4549.537875
-8877.669767 -3855.317766
-4518.776329 -935.420705
8079.973882 5799.926048
4491.793568 3575.439941
-273.449512 -6458.084929
-3567.052239 6388.685993
8438.784120 3043.019926
-7214.794277 -6396.395650
7370.537484 2458.370574
-1585.076829 2394.905795
-6935.988907 2805.024488
-7892.065336 6195.425901
3772.350637 5239.902894
3925.985970 1831.052703
-744.030764 -4835.911464
7345.868919 -794.792862
4523.594201 -1504.988479
2102.159821 42.079111
7502.029995 -1398.503022
-3836.046974 3997.740940
957.426243 5735.434630
-9365.300259 -6140.564677
7376.348288 2918.684294
4168.336189 -877.022476
-3287.819122 5094.265379
8243.078067 3636.816742
685.421466 249.709421
7055.916309 -4792.992179
-5406.311044 -6143.669639
-4795.481734 -2286.469364
8795.582084 4848.146521
-1943.289355 4924.860245
5856.627627 3488.251102
-7112.193113 -141.754865
-7925.457980 4090.282285
-6334.116505 3246.277629
3572.279084 -2765.082852
1800.012887 -4420.779225
-9388.209372 -1637.207140
5810.649809 1564.003977
-1575.986427 1097.759915
8903.393023 6249.085157
924.222823 3773.405597
6691.353620 5390.624128
1698.271355 6451.793454
-5321.554716 -4358.997895
2455.244307 4563.457232
1119.762627 -685.829663
2251.660064 -624.779457
3875.466596 -3131.895183
-7322.364743 2270.564110
-1951.907719 1878.033040
1144.037419 -3970.053076
-135.681069 -5875.009932
7854.773024 1766.139996
-6604.919450 4607.662068
-6839.180408 -193.626979
-1640.088392 -5908.017713
6570.772898 2111.497688
2909.592409 -1718.750428
-7941.611585 -245.231413
-7709.756999 4900.201248
-7815.633198 -797.592219
7074.887447 5589.639295
1417.111813 4480.140919
-4281.918079 6444.194938
-6878.818735 -4711.921032
6676.188939 646.710171
-9204.382197 -1340.690692
2433.758503 -5831.330754
13.760839 -4781.206045
-8562.861617 -3572.556644
-4915.215851 -2436.297411
2403.420969 -4079.022744
-8348.097554 3369.891479
-7039.000067 -6037.761300
-8468.341276 -4260.978963
-703.376882 -6176.304278
7898.155741 -5989.566915
-8844.583361 2154.453671
331.372426 -4316.137705
-328.841651 -3690.776932
-3299.633310 -571.430977
2040.534868 -5408.152910
6078.481814 -4635.952663
7191.480535 -2968.690245
8252.111581 -2278.703589
-7056.305456 3720.380326
7013.641050 2640.543781
-9309.776047 3073.284463
-5729.464312 -3180.148054
335.464662 3075.014816
-8302.246115 -5661.025685
7929.270166 2214.138224
8717.400936 -109.854169
4956.758007 -1672.861944
1842.923300 -2510.690164
1974.578080 -855.259867
2550.411295 -2539.860875
3843.540731 -2425.183881
-1189.775101 137.440362
-3058.275361 -6113.194192
-847.321666 -5309.644187
-8949.629867 -6368.207034
3470.721004 6072.094530
-366.866606 2981.151964
931.107235 -2238.796026
8373.801251 5591.271603
-7174.661448 855.050568
-9383.625113 -2997.026042
2379.826885 2669.495440
14.566964 -5901.522691
-7330.746527 -0.857367
5476.753127 360.060434
-6909.899240 -3746.922198
8975.278203 2482.242074
-6018.734034 -3361.137000
3747.675646 -4115.763004
2785.701780 -2541.255605
7586.485407 -2477.071034
-637.249529 5630.075177
817.532679 -839.965037
2808.796683 627.823146
6511.796370 -2107.585959
-8576.698113 -352.054129
-5306.785821 -695.435531
-7154.208763 1669.407883
-2798.543641 -2248.214044
257.287627 6136.438822
-4913.803682 4843.505599
-4990.776829 -2072.197593
8314.093085 4966.769625
3510.030699 407.213039
8182.214347 -1620.511522
3903.514154 -1004.611102
3622.151141 1847.008833
-2506.241325 3435.500230
-4073.055991 -4957.932932
-2181.991625 1697.980951
5469.790335 4818.292440
21.164767 -5074.024511
-6670.541445 -5869.474458
-5113.261335 3010.419916
6839.758568 2124.801231
6232.771384 -1686.270073
-4366.622127 -5689.716199
-6505.643773 -923.295074
3274.472432 2771.856303
288.902116 -5200.025077
-3199.152942 5019.805192
-9080.707343 -1445.723942
-8515.510607 473.462704
8791.469935 3457.400087
-1738.469042 1653.911353
-5161.031159 -564.589464
-575.414520 2929.843521
-2765.904965 4961.774770
-9409.211239 720.612154
5128.623026 -5561.858359
-6282.614570 -1269.197959
-1169.227689 -997.901048
6000.506829 -340.165225
-4891.817939 -809.220871
-1903.671294 4482.145066
-5285.338907 -5526.578961
-1655.806606 559.995970
3129.576723 5148.878680
-2912.930236 5195.569386
4576.116536 2222.135169
-5017.774612 4406.556967
2207.686662 -2872.872780
-2158.834882 -5250.178589
3644.619320 -2114.834906
5027.287915 3063.578179
-648.570530 5929.861897
2327.315372 -1682.253836
110.823491 -6022.485215
-4326.189944 -1534.127301
1768.247508 -4885.323809
9205.537944 -1836.099803
5309.028433 6153.349901
9430.511640 -1802.698639
3576.976950 -5790.782718
6017.394305 4126.497755
5535.794646 -2796.945884
6448.646832 5274.296913
-1296.963666 -1129.930338
7965.558186 2392.147126
-3605.498850 -2878.858541
-2449.011741 -3064.805692
-4325.095056 -5914.892298
-925.476493 -5947.019396
4272.850786 2978.647777
-3099.431167 612.888351
3486.506354 -2082.152609
9267.824443 -4153.054069
3111.216483 1440.179953
-2376.240802 406.428125
-629.977629 4421.259826
3448.622510 -3733.189774
-4635.714988 -210.363708
5757.196540 5636.865237
4036.022202 2078.318478
3322.881320 6439.161109
-832.438201 2342.971303
398.993109 2199.610958
-133.009386 -2153.173769
7159.877821 2702.131914
8473.964771 -4208.599302
-3900.001040 4629.308788
7676.018361 -5020.243644
1123.551370 5396.093320
-4649.390363 1675.621024
3411.670111 -2532.443245
2891.627089 3378.398270
8803.775217 -2828.800328
-835.738682 3560.257881
1108.621724 1975.642553
-5830.085385 1289.500813
3175.141147 5102.974125
-2757.210419 3871.256786
480.264850 -1840.543497
2484.590472 1460.553886
-1948.882778 -2686.803301
-6442.086066 5770.273312
1968.986961 5309.631091
4119.660729 -1741.784020
-6356.348289 5496.207937
-3402.780877 -4969.964931
2872.885320 3680.957221
6441.772810 -4684.215406
-6809.333404 2124.153492
-2690.736771 -2657.070855
-5598.915109 2490.430026
-2733.487096 4565.817244
-4404.390943 -567.937919
-735.133541 -4231.224490
-1336.224285 -2097.216251
-8525.285354 2056.218718
-4350.851977 -2459.518891
-2190.425212 -4535.120289
-3845.486689 -2710.829121
1285.014944 1929.447927
-925.810669 4581.331873
2411.206577 -3767.620535
4710.193771 -299.011019
5297.426119 5678.360087
-6140.335058 -1715.249342
-61.968030 -1064.196754
8224.941802 2441.018671
-6536.964423 -5536.628955
282.602891 -1685.882845
731.408579 5672.713497
6771.543130 -1440.286048
6976.623749 -6271.684775
4382.064378 3428.790628
-8520.648030 570.771241
820.647281 2852.473042
-2382.898007 -3669.896031
6898.435239 -4526.300904
3105.032331 -2515.784361
2156.166077 4157.438191
6720.003065 -1822.479763
4628.306514 -3672.609076
-240.338674 -5382.519724
-1141.919598 4093.605538
6996.672793 4747.828779
-4992.195062 -1171.074484
8942.752588 3679.679503
-7111.269646 1916.309453
8837.386285 -2440.703531
7210.795161 5513.520281
-6359.029725 3628.151756
-2154.573403 312.638826
9420.853449 -6331.686646
2345.957383 -632.445179
-9191.567831 -2328.647802
8538.203953 738.065578
2007.437641 372.445605
-413.334787 1990.295533
23.328469 1552.634026
6257.962987 2.832136
9095.671641 2135.007017
-209.636990 -5818.127850
-5408.919775 -5856.858497
-9003.052975 2227.130302
2867.527788 2422.629169
-6750.325532 1780.409339
-8603.465637 -3327.056147
4402.709465 2870.336687
-8220.865021 -3593.713065
4018.343271 -5794.989762
-4110.999609 -6056.055214
2543.609404 280.610817
177.976814 3062.399248
-1970.736051 3386.790355
4433.051219 -1132.610330
-2046.488602 732.025972
2030.949426 1329.624783
-2824.382111 -2140.134407
4708.747133 -1280.942144
5035.223443 -5013.501955
-4111.658030 -1344.293563
-658.427010 -6085.165219
3762.843107 516.521909
9095.505763 5649.081169
8208.018323 2200.067389
1386.312965 -5679.167240
6646.093642 2189.442866
-2437.702021 -6221.656700
2154.091197 3477.829608
-7987.698236 440.535791
1827.392660 4109.294004
-6692.464484 -2820.888747
-5324.406664 6231.859692
-8954.853649 5970.680825
1845.641578 5102.704953
1512.106805 -429.438760
-7228.283508 -2365.340976
-4546.494981 2447.942158
4482.681842 -2559.252677
2160.881931 -1540.638545
1983.948577 6188.794790
9318.382151 -4867.007891
-1724.707943 -2027.435760
-2534.844898 -1670.089587
-4560.264757 6071.820983
6109.583698 625.685614
-1004.288152 2163.530285
4561.569136 5534.979772
-8449.726574 2119.899664
-6896.928131 -2882.652178
4777.687898 4953.822291
-5970.036525 4845.029495
7588.971607 -2814.195778
1830.055383 1932.668386
-4673.779442 5294.703139
5762.985454 2991.975876
6094.163028 -4174.680656
-6511.653087 5424.176426
-6059.664912 6126.890412
126.718750 -5068.709097
-5417.700345 4677.913709
7566.970470 -5883.947198
3955.766704 5784.819467
6856.781700 556.073366
-2162.338198 3840.495335
7176.548604 1300.790317
7953.048885 -1012.480438
2416.379138 1015.342088
-4502.455610 3352.200054
1156.726482 -3041.159224
-6877.692680 -265.374285
1810.735506 -1571.650350
8107.893164 -5346.995300
811.572343 5821.155100
5819.428172 -2137.288743
9093.695875 -3710.505847
7266.459151 -4752.810599
8810.929846 3379.327287
8811.177097 -6179.112422
8294.974330 1091.769942
-9112.106603 2869.322190
8755.122221 -2372.633387
8539.124251 -3309.067294
7306.371112 3725.824696
-2590.581840 1224.710953
2606.985979 962.294621
229.559998 -549.448429
5848.803253 -1005.198854
3475.562647 -1460.780222
-3472.326732 -2269.302131
-5390.646133 -2019.473673
1780.404097 -2513.381145
-2824.705588 -3154.971745
-5772.708468 -4639.426005
9270.677150 69.329440
-7244.386951 -4628.210092
-753.852150 2008.745729
8262.830422 -472.283549
-6210.460116 -4575.955837
-1288.679337 -470.071081
-4247.600795 2324.211489
6467.582858 -2938.482418
4235.107108 1610.196852
6640.365111 4143.254001
5017.429210 4001.844122
-4291.772433 5528.678473
-2716.043941 -1466.748801
7533.573827 -2297.248292
6835.510701 -63.492712
-5476.556214 5535.405509
7324.847404 -3848.783697
7695.114951 -5906.738124
-5088.131377 3468.908835
5946.732696 1529.089881
718.578255 -1520.370291
5069.323461 2025.239272
-6826.545707 -6311.786821
-6306.969260 5319.103013
2999.356064 3512.709901
-3864.507124 6248.253635
-1938.385529 4776.432076
-6090.425312 3557.771546
-5062.722357 -6401.109106
7797.517738 4144.818398
-1714.913513 -1843.871970
4103.161059 -4857.850765
8529.854492 -3045.328073
1333.814621 -877.558170
255.371865 -5306.824619
8561.566127 -1469.083248
-3468.781966 3685.594860
7304.226828 6001.421189
-39.324660 -3940.086690
7168.170686 -5088.731915
7134.577960 218.739511
-4600.173638 -3455.828291
-3895.356531 -4103.756853
-2944.514670 3288.205030
-3691.574236 -3017.190947
-8778.524529 -3643.437485
4750.578237 464.870922
-3166.918551 -1021.049438
3596.600065 5432.063330
-8479.497307 3853.118037
-5015.977947 2251.204577
5228.236374 5585.952646
-1110.030884 -3557.398482
-2424.825418 909.364371
4454.383501 4865.344219
-5905.548061 5343.250951
-8936.627230 2111.338202
2900.260467 6426.038048
-4917.810283 2405.122022
-9021.061845 3087.481025
7865.523535 6137.933455
-3360.467690 3232.607335
8791.625565 -4006.348105
5464.157767 815.739079
-2531.556465 -2618.689295
-5462.645265 -176.457845
-4245.042508 193.350179
7129.969843 -4303.670367
7534.118605 -1186.098289
6405.579111 -874.020284
1435.022054 -1976.168271
9234.525395 2206.197265
-3228.584513 1737.248028
7537.835809 -1006.772835
-8798.228320 3742.339706
-8540.851115 -6472.605309
9008.942893 -2895.045340
1214.231915 -4500.109489
-6659.402590 -5828.847183
-1537.860558 5030.804909
-1378.139295 -468.035201
-1718.716758 -634.162918
-6808.856573 3638.374392
-8281.089623 2312.178241
917.258681 2776.613013
-3191.928176 3417.022907
1918.301753 3096.658881
-2166.178771 -2553.140881
-3067.609271 -626.338320
3773.699961 4802.188569
-140.812922 -2620.079190
2531.875618 2684.791863
-1046.202121 4509.409052
7394.079429 5327.424278
4884.378016 -525.423394
-1629.362825 3772.176762
-8132.288359 -1396.233124
-9391.941077 3602.697144
-7755.851153 -4974.702817
-5167.399990 4085.468720
-4698.508469 -2490.808546
4563.345456 5720.297126
3420.187172 -1475.017018
-1879.067834 -2899.502944
5680.916246 -6039.933491
7824.411102 -673.968955
5488.065610 245.785351
-1796.677338 304.284092
-3338.085826 1481.417780
3681.937573 4428.339238
8248.032284 -5264.146643
-495.440997 4335.924954
4165.300991 194.391091
5943.901666 5389.626167
6036.771396 2793.808411
-4116.331128 1663.550842
725.165924 -1064.123640
-5952.935701 4187.443846
2115.685223 -4574.887587
-6569.080572 4422.543748
198.966863 3581.926406
-6153.485392 -3236.818803
5337.938272 6091.100003
5194.535733 3675.091851
-8667.113605 1322.581019
-2930.131700 4988.144126
-7656.381414 -996.042090
-2545.651078 1413.789263
-6467.381779 -3619.664680
1255.075331 -1631.106739
5976.820260 4984.931802
-6478.155468 -5702.357609
-3114.006389 4427.322165
-8943.045349 1498.954082
2588.159827 2053.035205
8728.025367 -6430.367958
7823.462374 -5185.224355
-4114.963551 -445.748648
-451.429746 1612.343262
5998.477962 -4009.530852
9439.197139 -6403.031751
8641.260059 -4352.306078
-6368.274284 -1.428885
-2991.604871 363.990914
-3717.330071 -4346.420522
6968.821529 -4858.854773
-3481.981216 -5989.761011
-5912.072365 -2323.262864
3203.112373 3848.083508
-2453.241788 1469.390513
-1017.715412 1443.201898
-1768.841644 871.444064
-1382.605868 2997.298213
-3998.569821 -5528.135669
5055.302232 -1589.765726
7634.396686 -3305.010937
-8668.918179 794.272810
-4123.523747 3232.043433
9247.428893 -1057.909812
-3455.942047 3744.748402
6408.938784 -3431.088678
-2568.608392 1839.510763
-8434.239034 -5585.810903
-4824.459520 -1839.731492
8795.184799 -4863.296946
6580.353724 -6123.472048
6736.572632 -5570.624757
7609.803889 -1909.979427
-4392.416058 -2067.284705
-1289.016946 2049.802664
-5514.020839 -48.248166
1849.269403 4675.531060
1009.613829 5388.834264
-4923.761845 -4389.767450
-9464.962489 -4856.283152
-6853.818166 6122.866638
400.992636 4248.827134
-660.011290 2971.837337
-6471.402308 6448.634377
-4352.568055 -912.698239
-6234.250327 1797.230008
-3656.664527 -3418.378989
-7866.152307 3751.918833
8187.180480 -6094.578318
-6882.736020 -6086.006114
-633.099539 -4292.130273
6137.986589 2462.038267
-4715.895831 -4469.227701
-8885.770538 -2413.884726
-6601.708630 1090.157373
8157.847838 3307.647000
-5585.662378 -5672.504536
-3013.347644 -4570.786456
-2036.947001 -5453.009674
1996.580038 -3678.905681
8404.918254 2368.228589
-4664.078645 84.921075
-2041.338010 3340.547033
-4549.555970 3745.127030
-7103.648575 5711.376365
-1515.132779 4809.097698
-2775.529430 -5489.957138
441.930893 -1070.257083
-330.637999 4017.032127
-539.497942 -1097.856970
-172.111426 -1831.207512
3395.203391 1459.847131
1085.939138 -6415.865906
1717.584533 -3046.509292
8296.237259 -1423.448650
6991.829252 4020.617780
1047.610203 -4357.079999
-3715.584424 2425.079029
-5686.406927 -4280.986314
-6155.176835 1830.145665
-2527.130167 -4767.531159
-4912.866455 4033.852965
2303.100874 -1703.663726
4927.375998 5950.691090
3551.688369 5143.032677
1051.829358 3443.518412
-3891.853196 -2320.204716
-7387.521673 1619.358770
-2971.023706 4211.422406
-2156.806315 -6477.023486
6529.210556 -1724.884577
3059.445125 1396.067718
-7752.681235 -3509.245533
483.993475 6339.722704
-5212.586724 2288.099446
-3513.570408 -3472.738941
-5411.590363 346.305252
-4204.676003 1775.274871
-8928.396460 6223.912843
8519.110293 -1730.748715
210.846270 -3746.566774
-5592.799928 4825.251153
3980.875090 6004.552198
1585.310452 -144.529557
-1584.409317 2771.496613
-6709.546966 -6110.817953
2679.226775 -3330.855462
-802.977926 274.304074
7560.754533 649.739678
-6348.482809 -5.534958
-1298.366753 -6341.374174
-8248.527492 -3685.309128
-3679.331472 5516.513150
5234.822190 120.428915
-5011.190544 5517.129272
-2433.181278 -5550.353123
4543.179327 2761.500162
2548.538077 -4267.515609
-6327.126703 -5578.041663
3377.661299 -3438.655602
1073.595751 2153.619095
2767.387209 2993.897845
2040.980797 -6001.751634
619.195272 4057.425131
8463.524127 -5848.849180
-8071.119380 -1032.475103
-5110.805649 -4406.191591
2455.374959 3816.306613
945.246431 5970.294376
-9092.087694 1799.684527
9294.982897 -3946.271636
8929.804446 4425.859107
-6302.922966 -658.672098
-3989.824248 6244.686955
7976.911060 5551.406690
-419.626395 -6447.016274
-7456.483551 -3461.399878
-976.933633 4697.400410
8738.545415 -1136.311348
818.208126 -872.795462
-2653.928308 -997.586904
6501.269358 -1372.059834
-8397.226376 798.476614
-3641.246964 4550.535582
-2428.470234 3524.545987
-292.586723 -3242.362907
-9144.277724 -1860.544221
3992.136096 3951.502211
-5722.307202 3446.260775
2772.765695 -2474.310198
4422.516077 2191.133702
-9176.960321 156.211558
-6825.776265 894.821227
4039.549033 4885.211063
-4394.289180 -3255.193803
4768.733250 3024.757454
-4975.003077 3252.589725
8651.196200 -497.888582
715.206013 2069.629158
594.772811 -2514.562702
8675.308900 -5970.779624
5819.297167 -5765.293243
-8520.957958 -3952.244464
6739.120592 5289.694627
222.208536 -4194.789033
8337.716941 5545.711253
2233.519413 -4335.820796
2885.632400 -4900.785047
-160.377737 2068.218913
-7643.465577 -4005.120285
-9267.923009 -4553.598082
1789.821675 5905.198609
3598.537806 -6400.790061
-2761.500981 4686.912543
7500.958357 -1641.158018
3524.945586 -2420.455747
-5504.626034 5586.656444
-299.534200 1079.634329
-5300.142844 -5510.019884
2203.740850 -4256.045411
-3447.617441 -4112.752459
-8354.201632 3590.992669
6739.527967 -428.598475
6575.295079 4163.295341
4670.148731 2811.885169
6107.299750 -1258.022788
6177.981379 1458.328925
9384.690547 -5226.469985
-4053.876563 -2370.308089
-4990.013936 5616.443766
-2306.448754 -3220.777134
3194.627874 -2452.750388
7855.013108 -4324.769257
-6323.751011 -6309.078193
-4170.043891 3364.017431
5060.842995 1059.728571
1274.126588 -1196.233515
-3819.173718 -1259.689628
2144.074495 2448.575196
-9429.006536 5516.779865
1205.617630 -2540.195918
-3652.476018 6124.049788
6219.034187 5014.715563
5986.186052 -5788.988642
2364.978577 -2160.150279
-6621.129872 -5179.927371
-7969.693709 2171.224335
2292.161024 6039.961270
-4567.599873 1025.917764
-5416.619253 1059.073939
-7528.656258 -4596.615616
-4873.828337 -613.903360
3671.162886 -2841.796636
-3586.654639 -5228.893913
8360.514185 2868.100151
-3204.681939 4821.070705
-3742.443259 5851.994975
3447.711604 939.201880
-682.026823 4296.221434
8246.964917 -5887.254464
-3187.827130 -4554.782035
-8860.351702 -1407.138418
3901.519067 -5377.074008
-4434.701724 -1349.358050
7194.734933 -2113.068748
6187.285119 2175.811341
7081.291841 6097.010780
1673.381675 1974.296048
-4378.119096 -4972.022476
548.364033 -5813.369602
-2453.675483 -1512.965461
-2701.120024 -1091.005981
5631.054410 -4903.441381
329.381981 -1455.556086
-3142.451260 -3016.338749
7058.033283 -5265.939644
-4122.794290 6055.713864
2732.872332 719.846093
1484.694171 4206.418318
-2957.428662 -1898.651697
-6532.615403 2903.709988
-7292.022310 -5423.112256
-631.977730 4906.978230
7641.181215 -1347.815210
4463.299895 2983.613531
7672.392486 1329.364585
4586.277041 4990.508664
940.010309 379.040729
-9296.196114 -5085.837332
1628.130948 -627.904087
-5427.543595 1385.585988
-5218.546866 2879.850872
2872.269434 -4032.247862
-5686.075638 -5287.784209
-6895.783805 4243.883775
-3039.620127 3009.687337
2592.200490 -334.562184
7603.469896 -6171.854001
4190.069738 -6047.892072
-2548.619061 1545.301127
-2586.732467 4314.356000
-7855.445974 -5733.692931
7376.620413 2710.148376
1353.021067 5302.438523
2835.637980 -5892.378582
-795.480101 -1490.641671
6995.200091 -6198.290399
-6347.615736 5480.389097
9296.444760 1865.242892
8024.575723 -6357.310684
-3643.151490 -1645.923333
-3806.852283 -536.885069
-9236.048974 -1973.308154
7869.780724 5431.785649
7764.317999 890.581117
4388.362747 -6133.308211
-4063.192555 5129.482255
-3526.570856 -5690.538850
-2539.261866 -5814.330780
-919.961680 6152.269134
-6518.039369 -2818.643207
3671.461490 1058.518197
-4002.505985 1223.604212
1764.827664 124.366969
5809.886775 -1046.977728
-8240.612450 -4526.546123
3961.209880 -824.650865
-2379.945780 3244.145848
8771.890493 -4972.009989
-5780.711599 878.989569
-1198.871090 2902.445637
-8501.820465 -1067.285790
-7112.505672 2676.102369
868.193676 -2597.241529
7315.798655 -5104.878961
5588.447226 -4259.188496
4368.159290 4929.188188
1172.634946 -3178.039321
-868.241561 -3660.481912
-1935.525460 -1132.896701
-3482.141048 4527.405629
326.260186 5194.501746
-3794.674042 -6148.493433
3351.507304 925.111950
1202.084938 -552.896467
6998.876850 -3211.937568
-3302.254213 6254.680450
-5332.000797 576.439816
6860.566242 6462.801693
2303.685028 -1340.564706
8509.893883 2758.609761
-9471.346582 -3498.318121
-581.074849 387.169846
2745.703080 -3801.322126
-7203.685141 3500.572930
3813.147280 1805.877276
-876.912133 6028.044805
-7835.153484 -4097.575371
8990.977450 -5886.837387
-7969.128876 2168.248762
1846.315975 1506.672640
8805.940896 1510.879883
-5069.574595 -5366.415291
494.763863 2990.889479
-2065.350078 4545.552664
4043.382236 672.695298
-4023.091978 -6406.871115
6535.886580 -5283.958382
8460.452838 -5616.605829
-8595.134765 -4585.295364
821.098320 3157.076308
4794.511028 2697.914815
-5826.136448 5711.721904
-6403.018150 -429.995872
-3062.126772 4637.873449
-4078.877387 922.433389
7023.106856 4651.746397
-1490.928256 2640.492900
-6520.483519 1945.112725
8272.507316 2548.407551
-2195.770748 -3370.187325
-982.923820 6387.937862
-7037.798492 -4075.535020
7491.030416 -1973.436113
-2038.234053 2412.912450
4558.222986 6104.083596
2661.048796 4425.954598
870.831244 -3073.429749
829.916854 -1051.644806
2051.783067 -1875.527966
6044.800999 3103.169534
5177.786633 -4048.879679
-1220.819144 -2380.795715
-8743.090934 -3738.993864
-7416.764857 1347.415351
-8784.691019 -2016.015418
674.012835 6283.409135
