0 0 0 0 0 0 0 0 0 
0 0 0 0 0 0 0 0 0 
0 0 0 0 0 0 0 0 0 
0 0 0 0 0 0 0 0 0 
0.128911 108.904 147.099 166.117 176.119 182.52 186.682 0 
0 0 0 0 0 0 0 0 0 
0.204642 108.428 147.099 166.117 176.119 182.011 182.011 185.925 0 
0 0 0 0 0 0 0 0 0 
0.269473 108.195 147.828 165.245 175.567 182.003 0 185.373 0 
0 0 0 0 0 0 0 0 0 
0.347984 107.794 148.061 166.087 174.748 181.893 0 0 0 
0 0 0 0 0 0 0 0 0 
0.419143 108.431 147.733 165.197 175.046 181.747 0 184.895 0 
0 0 0 0 0 0 0 0 0 
0.487453 107.355 145.981 165.061 174.471 181.177 0 181.177 0 
0 0 0 0 0 0 0 0 0 
0.559586 107.378 147.34 164.406 174.264 180.094 180.094 185.076 185.076 
0 0 0 0 0 0 0 0 0 
0.626743 107.415 146.978 164.027 174.026 181.12 0 0 0 
0 0 0 0 0 0 0 0 0 
0.699517 108.436 147.628 164.657 175.285 181.12 0 0 0 
0 0 0 0 0 0 0 0 0 
0.772241 107.49 147.801 164.073 173.971 181.041 0 0 
0 0 0 0 0 0 0 0 0 
0.837204 107.629 146.578 164.268 174.897 180.546 0 182.33 0 
0 0 0 0 0 0 0 0 0 
0.910568 106.773 146.82 163.835 173.833 180.236 0 0 183.831 
0 0 0 0 0 0 0 0 0 
0.985391 106.78 146.997 165.024 173.76 0 179.446 184.44 0 
0 0 0 0 0 0 0 0 0 
1.04272 107.541 146.986 163.976 174.27 180.1 183.698 0 
0 0 0 0 0 0 0 0 0 
1.12104 107.541 146.986 163.976 174.27 180.1 183.698 0 
0 0 0 0 0 0 0 0 0 
1.19553 107.541 146.986 163.976 174.27 180.1 183.698 0
0 0 0 0 0 0 0 0 0 
1.26557 107.541 146.986 163.976 174.27 180.1 183.698 0
0 0 0 0 0 0 0 0 0 
1.32923 107.201 147.058 163.713 174.141 180.556 183.358 0 0 
0 0 0 0 0 0 0 0 0 
1.40259 107.353 147.139 164.402 173.612 179.694 0 0 0 
0 0 0 0 0 0 0 0 0 
0 0 0 0 0 0 0 0 0 
0 0 0 0 0 0 0 0 0 
0 0 0 0 0 0 0 0 0 
0 0 0 0 0 0 0 0 0 
0 0 0 0 0 0 0 0 0 
0 0 0 0 0 0 0 0 0 
0 0 0 0 0 0 0 0 0 
0 0 0 0 0 0 0 0 0 
1.74653 108.149 147.313 164.575 173.787 179.869 182.494 183.807 0 
0 0 0 0 0 0 0 0 0 
1.82249 108.149 147.313 164.575 173.787 179.869 182.494 183.807 0 
0 0 0 0 0 0 0 0 0 
1.88963 107.597 147.363 164.649 173.925 179.936 184.361 184.361 
0 0 0 0 0 0 0 0 0 
1.95989 108.079 148.003 165.085 173.626 180.314 0 0 0 
0 0 0 0 0 0 0 0 0 
0 0 0 0 0 0 0 0 0 
0 0 0 0 0 0 0 0 0 
0 0 0 0 0 0 0 0 0 
0 0 0 0 0 0 0 0 0 
2.16762 108.079 148.003 165.085 173.626 180.314 0 0 0
0 0 0 0 0 0 0 0 0 
2.23984 109.636 148.839 166.643 175.237 182.166  185.852 0 
0 0 0 0 0 0 0 0 0 
2.31106 109.713 148.661 165.68 175.568 182.166 186.196 0 0 
0 0 0 0 0 0 0 0 0 
2.37555 109.622 149.933 166.208 176.105 182.453 186.003 0 0 
0 0 0 0 0 0 0 0 0 
2.4457 110.752 149.803 166.832 176.051 182.453 186.679 0 0 
0 0 0 0 0 0 0 0 0 
2.51611 111.018 150.426 166.409 176.233 182.628 189.189 189.834 0 
0 0 0 0 0 0 0 0 0 
2.58584 111.624 150.416 167.057 177.817 182.321 187.302 0 0 
0 0 0 0 0 0 0 0 0 
2.66175 110.476 150.296 167.296 177.589 183.145 186.93 190.118 0 
0 0 0 0 0 0 0 0 0 
2.7261 111.485 150.881 167.431 177.279 184.168 187.128 187.128 0 
0 0 0 0 0 0 0 0 0 
2.79435 111.665 150.997 167.967 177.676 184.271 188.215 188.215 0 
0 0 0 0 0 0 0 0 0 
2.87065 112.089 150.823 168.404 177.609 183.927 188.048 0 0 
0 0 0 0 0 0 0 0 0 
2.93547 112.379 152.044 168.671 178.814 185.131 189.066 188.577 0 
0 0 0 0 0 0 0 0 0 
3.00846 112.324 152.209 168.576 178.62 184.7 188.664 188.664 0 
0 0 0 0 0 0 0 0 0 
3.07917 112.854 152.329 169.358 179.202 185.389 189.447 0 0 
0 0 0 0 0 0 0 0 0 
3.14159 112.99 152.615 169.005 179 185 191.968 0 0 
0 0 0 0 0 0 0 0 0 
-3.07091 113.283 152.896 169.536 179.471 185.456 192.51 0 0 
0 0 0 0 0 0 0 0 0 
-2.9997 113.137 152.453 170.366 180.297 186.571 190.919 190.919 
0 0 0 0 0 0 0 0 0 
-2.92865 113.565 153.375 170.619 180.816 186.571 191.141 190.252 0 
0 0 0 0 0 0 0 0 0 
-2.86451 113.323 153.02 170.893 180.081 186.4 193.494 0 193.68 
0 0 0 0 0 0 0 0 0 
-2.78385 114.232 153.444 171.47 180.014 186.336 190.78 190.78 0 
0 0 0 0 0 0 0 0 0 
-2.71714 114.127 153.522 170.985 180.834 187.537 192.005 0 0 
0 0 0 0 0 0 0 0 0 
-2.65061 114.529 154.353 171.16 181.177 187 191.471 0 191.471 
0 0 0 0 0 0 0 0 0 
-2.58405 114.529 154.353 171.16 181.177 187 191.471 0 191.471
0 0 0 0 0 0 0 0 0 
-2.51024 114.529 154.353 171.16 181.177 187 191.471 0 191.471
0 0 0 0 0 0 0 0 0 
-2.4424 114.978 155.438 172.467 181.687 188.088 0 0 0 
0 0 0 0 0 0 0 0 0 
-2.36885 114.978 155.438 172.467 181.687 188.088 0 0 0
0 0 0 0 0 0 0 0 0 
-2.30745 114.978 155.438 172.467 181.687 188.088 0 0 0
0 0 0 0 0 0 0 0 0 
-2.23043 114.978 155.438 172.467 181.687 188.088 0 0 0
0 0 0 0 0 0 0 0 0 
-2.1588 114.984 155.596 172.235 181.665 188.025 192.481 0 192.481 
0 0 0 0 0 0 0 0 0 
0 0 0 0 0 0 0 0 0 
0 0 0 0 0 0 0 0 0 
0 0 0 0 0 0 0 0 0 
0 0 0 0 0 0 0 0 0 
-1.95291 115.317 154.535 172.699 182.121 188.854 193.01 0 0 
0 0 0 0 0 0 0 0 0 
-1.88708 114.814 154.708 172.662 182.148 188.473 191.162 0 0 
0 0 0 0 0 0 0 0 0 
-1.81789 114.477 155.708 172.2 182.631 188.693 188.693 0 0 
0 0 0 0 0 0 0 0 0 
-1.74597 114.756 155.364 172.627 181.838 188.905 0 0 0 
0 0 0 0 0 0 0 0 0 
-1.68534 114.756 155.364 172.627 181.838 188.905 0 0 0
0 0 0 0 0 0 0 0 0 
0 0 0 0 0 0 0 0 0 
0 0 0 0 0 0 0 0 0 
0 0 0 0 0 0 0 0 0 
0 0 0 0 0 0 0 0 0 
-1.46531 113.508 153.525 171.959 181.417 188.452 189.826 191.423 192.575
0 0 0 0 0 0 0 0 0 
-1.41214 113.508 153.525 171.959 181.417 188.452 189.826 191.423 192.575
0 0 0 0 0 0 0 0 0 
-1.33083 113.508 153.525 171.959 181.417 188.452 189.826 191.423 192.575 
0 0 0 0 0 0 0 0 0 
-1.2574 113.508 153.525 171.959 181.417 188.452 189.826 191.423 192.575 
0 0 0 0 0 0 0 0 0 
-1.19029 113.437 153.942 171.026 181.797 188.452 189.826 191.638 0 
0 0 0 0 0 0 0 0 0 
-1.12296 113.159 153.405 170.857 181.135 188.452 189.826 0 0 
0 0 0 0 0 0 0 0 0 
-1.05165 112.872 153.681 170.672 181.466 188.452 189.826 191.834 193.992 
0 0 0 0 0 0 0 0 0 
-0.985684 112.606 152.82 170.848 181.665 188.452 189.826 191.094 0 
0 0 0 0 0 0 0 0 0 
-0.911311 112.614 153.222 171.026 181.025 188.452 189.826 0 0 
0 0 0 0 0 0 0 0 0 
-0.841942 112.61 152.971 170.66 179.878 188.452 189.826 190.507 0 
0 0 0 0 0 0 0 0 0 
-0.772741 111.732 152.043 170.426 179.675 188.452 189.826 0 0 
0 0 0 0 0 0 0 0 0 
-0.702784 111.396 151.855 170.294 179.513 188.452 189.826 0 0 
0 0 0 0 0 0 0 0 0 
-0.630798 110.349 152.411 169.614 179.613 185.421 189.613 0 
0 0 0 0 0 0 0 0 0 
-0.56051 110.982 151.476 168.964 179.246 185.607 0 189.828 0 
0 0 0 0 0 0 0 0 0 
-0.489957 111.233 150.765 169.118 179.413 184.765 0 189.708 0 
0 0 0 0 0 0 0 0 0 
-0.423669 111.008 150.448 168.501 179.011 185.302 185.302 0 0 
0 0 0 0 0 0 0 0 0 
-0.358771 111.008 150.448 168.501 179.011 185.302 185.302 0 0 
0 0 0 0 0 0 0 0 0 
-0.283794 111.008 150.448 168.501 179.011 185.302 185.302 0 0 
0 0 0 0 0 0 0 0 0 
-0.216725 111.008 150.448 168.501 179.011 185.302 185.302 0 0 
0 0 0 0 0 0 0 0 0 
-0.14334 111.008 150.448 168.501 179.011 185.302 185.302 0 0
0 0 0 0 0 0 0 0 0 
0 0 0 0 0 0 0 0 0 
0 0 0 0 0 0 0 0 0 
