-3.07374 103.238 129.314 146.414 157.385 165.436 176.479 184.459 192.51 
-2.99698 104.087 129.259 146.513 157.544 165.605 176.777 183.848 188.939 192.899 
-2.92712 103.368 128.86 146.322 157.496 165.738 176.912 184.177 192.419 
-2.85934 104.12 129.12 146.84 158.24 165.52 176.921 184.201 192.442 
-2.78955 104.403 130.035 147.122 157.889 166.087 176.853 184.459 189.497 192.658 
-2.72532 103.87 129.356 146.82 157.582 166.517 177.279 183.981 189.362 192.917 
-2.6522 104.235 130.177 147.177 158.354 166.412 177.589 184.765 
-2.57486 104.307 129.85 147.872 158.152 166.739 177.02 184.228 
-2.52134 103.228 129.619 148.219 157.632 166.235 177.629 184.835 
-2.4444 104.35 130.599 147.628 159.022 166.832 177.46 
-2.36971 104.661 130.832 147.801 159.113 166.901 
-2.30219 104.805 129.557 147.99 158.619 167.093 177.722 184.114 
-2.23353 104.019 129.63 147.435 158.836 166.027 177.429 
-1.95308 104.547 129.619 146.7 158.773 166.012 177.158 184.396 188.854 193.313 196.469 
-1.89255 104.355 129.653 147.363 158.114 166.337 177.088 184.361 192.585 
-1.82038 105.262 130 147.462 158.862 166.138 177.294 184.57 192.816 195.969 
-1.74381 104.561 130.05 147.313 158.493 166.544 
-1.68567 104.69 129.757 146.874 157.918 165.979 177.023 184.09 189.169 192.151 196.128 
-1.60887 105.076 130.096 147.122 158.114 166.108 177.138 184.133 189.13 192.128 196.125 
-1.54223 105.043 130.062 147.085 159.079 167.075 177.102 184.098 189.095 193.093 
-1.46542 104.58 130.752 147.763 158.808 166.868 176.918 183.984 189.061 193.039 
-1.39942 105.546 129.877 147.139 158.319 166.373 177.553 184.621 192.844 
-1.33044 105.019 130.729 147.221 158.619 166.865 177.054 184.329 189.423 192.575 
-1.26109 104.995 130.292 147.054 158.751 167.287 177.725 185 
-1.19205 105.475 130.173 147.628 159.327 166.94 177.71 
-1.12842 105.119 129.711 147.597 158.777 166.385 177.564 184.272 193.215 196.352 
-1.04341 105.309 130.361 147.851 159.512 167.574 177.868 
-0.982794 104.561 129.8 147.828 159.201 167.242 178.059 185.27 195.256 
-0.913937 104.809 130.419 148.223 159.625 166.817 178.219 184.621 195.233 
-0.845728 105.551 131.712 148.735 160.031 167.836 
-0.778687 105.361 131.529 148.499 159.113 167.598 
-0.69837 105.759 130.599 147.628 159.665 167.475 177.46 
-0.630194 105.209 129.619 146.823 159.615 166.82 178.216 
-0.566729 104.307 130.384 147.872 158.685 166.739 178.398 
-0.489393 104.235 130.177 147.177 158.824 167.765 178.059 184.765 193.706 
-0.42112 105.19 130.269 146.82 158.902 167.839 177.688 185.302 189.771 
-0.361005 104.752 130.035 147.122 158.827 167.371 178.138 185.397 189.842 193.941 197.101 
-0.282257 104.12 130.081 146.84 159.201 166.481 178.16 
-0.221781 104.561 130.05 147.299 158.685 166.715 178.101 185.154 193.396 
-0.144614 104.087 130.392 147.503 158.676 166.736 177.767 184.838 189.929 194.031 197 
0.135094 103.947 130.25 146.373 158.534 166.595 177.629 184.7 192.762 
0.205 103.16 129.838 147.092 158.474 166.508 
0.273009 103.846 129.808 146.564 157.965 166.208 177.882 185.162 189.283 193.404 196.563 
0.346286 103.121 128.752 146.779 158.483 167.027 177.792 185.054 189.497 193.598 196.759 
0.416269 103.87 129.865 146.414 158.496 167.431 178.194 184.895 193.424 196.977 
0.480887 103.769 129.711 146.711 158.354 167.296 177.589 
0.558599 103.774 129.85 147.34 159.531 166.208 
0.620249 103.228 129.035 146.823 159.028 166.235 177.629 
0.697192 104.35 129.958 146.986 159.022 166.832 
0.7717 103.247 130.832 147.801 159.113 166.901 178.213 185.284 193.768 
0.840138 103.392 128.888 147.99 158.619 167.093 177.722 185.526 194 
0.908067 104.019 129.016 146.82 158.221 167.431 
0.977446 103.73 128.969 146.997 157.813 167.8 
1.04202 103.078 129.495 146.986 158.647 166.709 177.868 185.065 193.992 
1.12014 103.315 128.81 146.697 158.777 166.82 177.564 
1.19389 103.247 129.244 147.628 158.398 166.94 177.71 185.324 193.866 210.021 
1.25518 103.092 128.39 147.363 157.801 166.337 177.725 185 193.536 
1.32582 103.078 128.787 146.25 158.619 166.865 177.294 
1.40565 103.407 128.891 146.154 158.319 166.373 177.553 184.792 189.889 
1.4644 103.586 128.658 146.769 157.813 165.873 176.918 184.978 193.039 
1.54168 103.044 129.062 146.086 158.079 166.075 177.102 185.097 193.093 
1.60961 103.078 129.097 146.123 158.114 166.108 177.138 185.132 193.127 
1.68791 102.703 128.763 145.88 157.918 165.979 177.023 185.084 190.163 
1.74716 102.591 129.066 146.328 158.493 166.544 177.725 184.968 190.066 
1.82516 103.325 129.031 146.492 157.892 166.138 177.539 184.57 189.908 192.816 
1.89872 102.46 128.705 146.414 158.114 166.652 177.088 184.361 189.737 193.848 
1.96034 102.694 128.693 146.7 157.848 166.388 177.158 184.773 193.313 
2.17455 105.683 128.141 146.168 158.373 166.973 177.789 185 189.995 193.6 210.238 
2.23949 103.233 128.226 146.031 158.836 166.643 178.045 
2.30796 102.65 128.144 147.248 157.877 166.352 
2.37688 102.552 129.418 147.105 158.417 166.901 177.519 184.589 193.073 
2.45179 103.711 129.958 146.986 158.382 166.193 
2.52927 102.65 129.035 147.635 158.446 166.235 177.045 184.835 189.834 193.437 
2.5861 102.396 128.472 145.962 158.152 166.208 177.868 185.076 189.528 193.132 
2.66071 103.769 128.363 146.711 157.889 165.946 177.124 185.181 189.652 193.238 
2.73416 103.47 128.95 146.414 158.496 166.111 176.876 184.895 193.424 
2.79531 103.121 128.752 146.779 157.544 165.747 177.451 
2.86858 103.846 128.845 146.564 157.965 166.208 177.609 184.889 
2.93659 103.16 128.655 146.113 158.474 166.508 176.706 183.967 
3.00519 102.956 129.124 146.373 157.407 165.469 176.638 184.7 192.762 
3.08341 103.175 129.248 146.342 158.316 166.364 176.409 184.391 189.447 192.44 
3.14159 104 129 146 158 166 177 184 189 193 
