5031.553105 -2883.938975 -2.221866
3525.238662 -2535.274380 -2.221866
3460.359025 -2704.928534 -2.221866
3316.867576 -2764.056314 -2.221866
2867.859447 -2777.533165 -2.221866
2486.917961 -2569.815226 -2.221866
986.485442 -1089.722290 -2.221866
1574.712738 -1742.885943 -2.221866
2067.191622 -2469.145549 -2.221866
1943.795001 -2491.077089 -2.221866
1769.246923 -2444.114306 -2.221866
2390.657924 -3310.141742 -2.221866
1666.970726 -2482.336841 -2.221866
2172.046104 -3489.137891 -2.221866
1460.516844 -2529.187706 -2.221866
2056.511737 -3558.458511 -2.221866
1232.202751 -2533.825375 -2.221866
1067.162965 -2641.665699 -2.221866
896.755348 -2725.432921 -2.221866
691.698012 -2819.999588 -2.221866
1024.159995 -4144.275330 -2.221866
591.328299 -2884.965338 -2.221866
893.609944 -4250.685139 -2.221866
1040.015327 -4953.757216 -2.221866
502.181458 -2905.478435 -2.221866
401.575533 -2993.563061 -2.221866
317.728811 -3102.528391 -2.221866
482.685864 -4598.217969 -2.221866
210.988681 -3222.372577 -2.221866
307.843836 -4668.964850 -2.221866
120.966153 -3447.535351 -2.221866
149.195709 -4500.737225 -2.221866
0.000000 -3709.408505 -2.221866
-1068.230096 -2942.317984 -2.221866
-4134.006604 -874.047111 -2.221866
-3909.923969 -674.124822 -2.221866
-3736.997102 -518.427344 -2.221866
-4413.224314 -616.372111 -2.221866
-3591.046979 -375.807242 -2.221866
-4465.370078 -471.344619 -2.221866
-3384.277998 -238.890212 -2.221866
-4532.697177 -300.510310 -2.221866
-3206.236688 -95.423711 -2.221866
-4635.344002 -152.813539 -2.221866
-3057.132699 -0.000000 -2.221866
-4765.252274 -0.000000 -2.221866
-2815.726380 208.572324 -2.221866
-1565.691509 227.085028 -2.221866
-2576.836855 377.498393 -2.221866
-2385.290395 517.859099 -2.221866
-4851.055714 1219.539146 -2.221866
-2232.961700 653.179273 -2.221866
-4086.099294 1187.819562 -2.221866
-3892.892631 1266.917720 -2.221866
-4255.534687 1385.522921 -2.221866
-2062.591135 760.671908 -2.221866
-3752.824279 1379.049886 -2.221866
-4369.756942 1609.910452 -2.221866
-1968.863015 897.569904 -2.221866
-3512.809009 1580.764054 -2.221866
-4077.306211 1828.610058 -2.221866
-1829.218182 970.892727 -2.221866
-3314.110248 1764.656106 -2.221866
-3236.481363 1864.727673 -2.221866
-1699.037362 1077.438327 -2.221866
-3097.802804 1938.760938 -2.221866
-4373.002042 2757.498103 -2.221866
-3047.007104 2052.497841 -2.221866
-1557.364170 1127.746468 -2.221866
-2938.796920 2141.123470 -2.221866
-3437.340144 2489.108380 -2.221866
-2811.594739 2191.390017 -2.221866
-3328.125616 2596.410055 -2.221866
-4773.610478 3723.416173 -2.221866
-1479.907197 1237.740564 -2.221866
-2730.879826 2296.421672 -2.221866
-2628.175013 2361.250988 -2.221866
-1352.652818 1312.868911 -2.221866
-2569.815226 2486.917961 -2.221866
-2980.130678 2887.001594 -2.221866
-2486.917961 2569.815226 -2.221866
-2887.001594 2980.130678 -2.221866
-1285.746533 1419.678463 -2.221866
-2361.250988 2628.175013 -2.221866
-2296.421672 2730.879826 -2.221866
-1149.506085 1479.823926 -2.221866
-2191.390017 2811.594739 -2.221866
-2494.784159 3204.309929 -2.221866
-2063.837511 2840.330832 -2.221866
-822.956653 1699.007284 -2.221866
-1605.130982 3294.742542 -2.221866
-727.702045 1792.303185 -2.221866
-611.071599 1860.373535 -2.221866
-496.546263 1944.806197 -2.221866
-366.451724 2043.673075 -2.221866
-229.878383 2126.375046 -2.221866
-88.720936 2232.810230 -2.221866
-155.886603 3919.434585 -2.221866
76.901784 2368.574953 -2.221866
123.270863 3533.764751 -2.221866
218.710900 3380.077551 -2.221866
255.643003 2492.519277 -2.221866
348.962517 3256.983495 -2.221866
435.221321 3141.162576 -2.221866
662.698764 4824.447005 -2.221866
453.952084 2656.460344 -2.221866
510.402285 2971.270443 -2.221866
450.794237 1829.694257 -2.221866
691.698012 2819.999588 -2.221866
1284.537099 5166.693667 -2.221866
1366.401070 4864.387807 -2.221866
582.473240 1787.133806 -2.221866
763.909574 2371.302635 -2.221866
1266.917720 3892.892631 -2.221866
5132.141114 360.636943 -2.221866
-1565.691509 227.085028 -2.221866
678.389028 -1416.285866 -2.221866
-1009.545414 1413.363579 -2.221866
-1498.598877 914.399315 -2.221866
-894.279701 1734.360632 -2.221866
-1296.830488 1445.425648 -2.221866
813.673238 -1776.519903 -2.221866
-203.166796 2162.275182 -2.221866
-2062.591135 760.671908 -2.221866
-2117.584518 569.557215 -2.221866
916.891400 -1979.321118 -2.221866
