-7909.609600 -889.725515
-7716.919238 -742.916063
-7524.228877 -596.106611
-7331.538515 -449.297159
-7138.848154 -302.487707
-6946.157793 -155.678255
-6753.467431 -8.868803
-6560.777070 137.940649
-6368.086708 284.750102
-6175.396347 431.559554
-5982.705986 578.369006
-5790.015624 725.178458
-5597.325263 871.987910
-5404.634901 1018.797362
-5211.944540 1165.606814
-5019.254179 1312.416266
-4826.563817 1459.225718
-4633.873456 1606.035170
-4441.183094 1752.844622
-4248.492733 1899.654074
-4055.802372 2046.463526
-3863.112010 2193.272978
-3670.421649 2340.082430
-3477.731287 2486.891882
-3285.040926 2633.701334
-3092.350565 2780.510786
-2899.660203 2927.320238
-2706.969842 3074.129690
-2514.279480 3220.939142
-2321.589119 3367.748594
-2128.898758 3514.558047
-1936.208396 3661.367499
-1743.518035 3808.176951
-1550.827673 3954.986403
-1358.137312 4101.795855
-1165.446950 4248.605307
-972.756589 4395.414759
-780.066228 4542.224211
-587.375866 4689.033663
-394.685505 4835.843115
-201.995143 4982.652567
-9.304782 5129.462019
183.385579 5276.271471
376.075941 5423.080923
568.766302 5569.890375
761.456664 5716.699827
954.147025 5863.509279
1146.837386 6010.318731
1339.527748 6157.128183
1532.218109 6303.937635
2920.277552 -15104.170431
3112.967914 -14957.360979
3305.658275 -14810.551527
3498.348637 -14663.742075
3691.038998 -14516.932623
3883.729359 -14370.123171
4076.419721 -14223.313719
4269.110082 -14076.504267
4461.800444 -13929.694815
4654.490805 -13782.885363
4847.181166 -13636.075911
5039.871528 -13489.266459
5232.561889 -13342.457007
5425.252251 -13195.647554
5617.942612 -13048.838102
5810.632973 -12902.028650
6003.323335 -12755.219198
6196.013696 -12608.409746
6388.704058 -12461.600294
6581.394419 -12314.790842
6774.084780 -12167.981390
6966.775142 -12021.171938
7159.465503 -11874.362486
7352.155865 -11727.553034
7544.846226 -11580.743582
7737.536587 -11433.934130
7930.226949 -11287.124678
8122.917310 -11140.315226
8315.607672 -10993.505774
8508.298033 -10846.696322
8700.988394 -10699.886870
8893.678756 -10553.077418
9086.369117 -10406.267966
9279.059479 -10259.458514
9471.749840 -10112.649062
9664.440201 -9965.839610
9857.130563 -9819.030157
10049.820924 -9672.220705
10242.511286 -9525.411253
10435.201647 -9378.601801
10627.892008 -9231.792349
10820.582370 -9084.982897
11013.272731 -8938.173445
11205.963093 -8791.363993
11398.653454 -8644.554541
11591.343815 -8497.745089
11784.034177 -8350.935637
11976.724538 -8204.126185
12169.414900 -8057.316733
12362.105261 -7910.507281
-7909.609600 -889.725515
-7688.591494 -1179.816227
-7467.573389 -1469.906940
-7246.555284 -1759.997653
-7025.537179 -2050.088365
-6804.519074 -2340.179078
-6583.500969 -2630.269790
-6362.482864 -2920.360503
-6141.464758 -3210.451215
-5920.446653 -3500.541928
-5699.428548 -3790.632641
-5478.410443 -4080.723353
-5257.392338 -4370.814066
-5036.374233 -4660.904778
-4815.356128 -4950.995491
-4594.338022 -5241.086203
-4373.319917 -5531.176916
-4152.301812 -5821.267629
-3931.283707 -6111.358341
-3710.265602 -6401.449054
-3489.247497 -6691.539766
-3268.229392 -6981.630479
-3047.211287 -7271.721191
-2826.193181 -7561.811904
-2605.175076 -7851.902617
-2384.156971 -8141.993329
-2163.138866 -8432.084042
-1942.120761 -8722.174754
-1721.102656 -9012.265467
-1500.084551 -9302.356180
-1279.066445 -9592.446892
-1058.048340 -9882.537605
-837.030235 -10172.628317
-616.012130 -10462.719030
-394.994025 -10752.809742
-173.975920 -11042.900455
47.042185 -11332.991168
268.060291 -11623.081880
489.078396 -11913.172593
710.096501 -12203.263305
931.114606 -12493.354018
1152.132711 -12783.444730
1373.150816 -13073.535443
1594.168921 -13363.626156
1815.187027 -13653.716868
2036.205132 -13943.807581
2257.223237 -14233.898293
2478.241342 -14523.989006
2699.259447 -14814.079718
2920.277552 -15104.170431
1532.218109 6303.937635
1753.236214 6013.846923
1974.254319 5723.756210
2195.272425 5433.665498
2416.290530 5143.574785
2637.308635 4853.484072
2858.326740 4563.393360
3079.344845 4273.302647
3300.362950 3983.211935
3521.381055 3693.121222
3742.399161 3403.030510
3963.417266 3112.939797
4184.435371 2822.849084
4405.453476 2532.758372
4626.471581 2242.667659
4847.489686 1952.576947
5068.507791 1662.486234
5289.525897 1372.395522
5510.544002 1082.304809
5731.562107 792.214096
5952.580212 502.123384
6173.598317 212.032671
6394.616422 -78.058041
6615.634527 -368.148754
6836.652633 -658.239466
7057.670738 -948.330179
7278.688843 -1238.420892
7499.706948 -1528.511604
7720.725053 -1818.602317
7941.743158 -2108.693029
8162.761263 -2398.783742
8383.779369 -2688.874455
8604.797474 -2978.965167
8825.815579 -3269.055880
9046.833684 -3559.146592
9267.851789 -3849.237305
9488.869894 -4139.328017
9709.887999 -4429.418730
9930.906105 -4719.509443
10151.924210 -5009.600155
10372.942315 -5299.690868
10593.960420 -5589.781580
10814.978525 -5879.872293
11035.996630 -6169.963005
11257.014735 -6460.053718
11478.032841 -6750.144431
11699.050946 -7040.235143
11920.069051 -7330.325856
12141.087156 -7620.416568
12362.105261 -7910.507281
-4385.753124 -989.559313
-4282.102917 -910.588938
-4178.452710 -831.618563
-4074.802503 -752.648188
-3971.152296 -673.677813
-3867.502089 -594.707438
-3763.851881 -515.737063
-3660.201674 -436.766688
-3556.551467 -357.796313
-3452.901260 -278.825938
-3349.251053 -199.855563
-3245.600846 -120.885188
-3141.950639 -41.914813
-3038.300432 37.055562
-2934.650225 116.025937
-2831.000018 194.996312
-2727.349811 273.966687
-2623.699604 352.937062
-2520.049397 431.907437
-2416.399190 510.877812
-2312.748983 589.848187
-2209.098776 668.818562
-2105.448569 747.788937
-2001.798362 826.759312
-1898.148155 905.729687
-1794.497948 984.700062
-1690.847741 1063.670437
-1587.197534 1142.640812
-1483.547327 1221.611187
-1379.897120 1300.581562
-1276.246913 1379.551937
-1172.596705 1458.522312
-1068.946498 1537.492687
-965.296291 1616.463062
-861.646084 1695.433437
-757.995877 1774.403812
-654.345670 1853.374187
-550.695463 1932.344562
-447.045256 2011.314937
-343.395049 2090.285312
-239.744842 2169.255687
-136.094635 2248.226062
-32.444428 2327.196437
71.205779 2406.166812
174.855986 2485.137187
278.506193 2564.107562
382.156400 2643.077937
485.806607 2722.048312
589.456814 2801.018687
693.107021 2879.989062
-5728.125818 772.331873
-5700.730457 736.374910
-5673.335095 700.417947
-5645.939734 664.460984
-5618.544373 628.504021
-5591.149012 592.547058
-5563.753651 556.590095
-5536.358290 520.633132
-5508.962929 484.676169
-5481.567568 448.719206
-5454.172207 412.762243
-5426.776846 376.805280
-5399.381484 340.848317
-5371.986123 304.891354
-5344.590762 268.934391
-5317.195401 232.977428
-5289.800040 197.020465
-5262.404679 161.063502
-5235.009318 125.106539
-5207.613957 89.149576
-5180.218596 53.192613
-5152.823235 17.235650
-5125.427873 -18.721313
-5098.032512 -54.678276
-5070.637151 -90.635239
-5043.241790 -126.592202
-5015.846429 -162.549165
-4988.451068 -198.506128
-4961.055707 -234.463091
-4933.660346 -270.420054
-4906.264985 -306.377017
-4878.869624 -342.333980
-4851.474262 -378.290943
-4824.078901 -414.247906
-4796.683540 -450.204868
-4769.288179 -486.161831
-4741.892818 -522.118794
-4714.497457 -558.075757
-4687.102096 -594.032720
-4659.706735 -629.989683
-4632.311374 -665.946646
-4604.916013 -701.903609
-4577.520651 -737.860572
-4550.125290 -773.817535
-4522.729929 -809.774498
-4495.334568 -845.731461
-4467.939207 -881.688424
-4440.543846 -917.645387
-4413.148485 -953.602350
-4385.753124 -989.559313
-649.265673 4641.880248
-621.870312 4605.923285
-594.474951 4569.966322
-567.079589 4534.009359
-539.684228 4498.052396
-512.288867 4462.095433
-484.893506 4426.138470
-457.498145 4390.181507
-430.102784 4354.224544
-402.707423 4318.267581
-375.312062 4282.310618
-347.916701 4246.353655
-320.521340 4210.396692
-293.125978 4174.439729
-265.730617 4138.482766
-238.335256 4102.525803
-210.939895 4066.568840
-183.544534 4030.611877
-156.149173 3994.654914
-128.753812 3958.697951
-101.358451 3922.740988
-73.963090 3886.784025
-46.567729 3850.827062
-19.172367 3814.870099
8.222994 3778.913136
35.618355 3742.956174
63.013716 3706.999211
90.409077 3671.042248
117.804438 3635.085285
145.199799 3599.128322
172.595160 3563.171359
199.990521 3527.214396
227.385883 3491.257433
254.781244 3455.300470
282.176605 3419.343507
309.571966 3383.386544
336.967327 3347.429581
364.362688 3311.472618
391.758049 3275.515655
419.153410 3239.558692
446.548771 3203.601729
473.944132 3167.644766
501.339494 3131.687803
528.734855 3095.730840
556.130216 3059.773877
583.525577 3023.816914
610.920938 2987.859951
638.316299 2951.902988
665.711660 2915.946025
693.107021 2879.989062
3759.388640 -11680.221858
3863.038847 -11601.251483
3966.689054 -11522.281108
4070.339261 -11443.310733
4173.989468 -11364.340358
4277.639675 -11285.369983
4381.289882 -11206.399608
4484.940090 -11127.429233
4588.590297 -11048.458858
4692.240504 -10969.488483
4795.890711 -10890.518108
4899.540918 -10811.547733
5003.191125 -10732.577358
5106.841332 -10653.606983
5210.491539 -10574.636608
5314.141746 -10495.666233
5417.791953 -10416.695858
5521.442160 -10337.725483
5625.092367 -10258.755108
5728.742574 -10179.784733
5832.392781 -10100.814358
5936.042988 -10021.843983
6039.693195 -9942.873608
6143.343402 -9863.903233
6246.993609 -9784.932858
6350.643816 -9705.962483
6454.294023 -9626.992108
6557.944230 -9548.021733
6661.594437 -9469.051358
6765.244644 -9390.080983
6868.894851 -9311.110608
6972.545058 -9232.140233
7076.195266 -9153.169858
7179.845473 -9074.199483
7283.495680 -8995.229108
7387.145887 -8916.258733
7490.796094 -8837.288358
7594.446301 -8758.317983
7698.096508 -8679.347608
7801.746715 -8600.377233
7905.396922 -8521.406858
8009.047129 -8442.436483
8112.697336 -8363.466108
8216.347543 -8284.495733
8319.997750 -8205.525358
8423.647957 -8126.554983
8527.298164 -8047.584608
8630.948371 -7968.614233
8734.598578 -7889.643858
8838.248785 -7810.673483
5101.761334 -13442.113044
5074.365973 -13406.156081
5046.970612 -13370.199118
5019.575251 -13334.242155
4992.179890 -13298.285192
4964.784529 -13262.328229
4937.389168 -13226.371266
4909.993807 -13190.414303
4882.598445 -13154.457340
4855.203084 -13118.500377
4827.807723 -13082.543414
4800.412362 -13046.586451
4773.017001 -13010.629488
4745.621640 -12974.672525
4718.226279 -12938.715562
4690.830918 -12902.758599
4663.435557 -12866.801636
4636.040195 -12830.844673
4608.644834 -12794.887710
4581.249473 -12758.930747
4553.854112 -12722.973784
4526.458751 -12687.016821
4499.063390 -12651.059858
4471.668029 -12615.102895
4444.272668 -12579.145932
4416.877307 -12543.188969
4389.481946 -12507.232006
4362.086584 -12471.275043
4334.691223 -12435.318080
4307.295862 -12399.361117
4279.900501 -12363.404154
4252.505140 -12327.447191
4225.109779 -12291.490228
4197.714418 -12255.533265
4170.319057 -12219.576302
4142.923696 -12183.619339
4115.528335 -12147.662376
4088.132973 -12111.705414
4060.737612 -12075.748451
4033.342251 -12039.791488
4005.946890 -12003.834525
3978.551529 -11967.877562
3951.156168 -11931.920599
3923.760807 -11895.963636
3896.365446 -11860.006673
3868.970085 -11824.049710
3841.574724 -11788.092747
3814.179362 -11752.135784
3786.784001 -11716.178821
3759.388640 -11680.221858
10180.621479 -9572.564668
10153.226118 -9536.607705
10125.830757 -9500.650742
10098.435396 -9464.693779
10071.040035 -9428.736816
10043.644674 -9392.779853
10016.249313 -9356.822891
9988.853951 -9320.865928
9961.458590 -9284.908965
9934.063229 -9248.952002
9906.667868 -9212.995039
9879.272507 -9177.038076
9851.877146 -9141.081113
9824.481785 -9105.124150
9797.086424 -9069.167187
9769.691063 -9033.210224
9742.295702 -8997.253261
9714.900340 -8961.296298
9687.504979 -8925.339335
9660.109618 -8889.382372
9632.714257 -8853.425409
9605.318896 -8817.468446
9577.923535 -8781.511483
9550.528174 -8745.554520
9523.132813 -8709.597557
9495.737452 -8673.640594
9468.342091 -8637.683631
9440.946729 -8601.726668
9413.551368 -8565.769705
9386.156007 -8529.812742
9358.760646 -8493.855779
9331.365285 -8457.898816
9303.969924 -8421.941853
9276.574563 -8385.984890
9249.179202 -8350.027927
9221.783841 -8314.070964
9194.388480 -8278.114001
9166.993118 -8242.157038
9139.597757 -8206.200075
9112.202396 -8170.243112
9084.807035 -8134.286149
9057.411674 -8098.329186
9030.016313 -8062.372223
9002.620952 -8026.415260
8975.225591 -7990.458297
8947.830230 -7954.501335
8920.434868 -7918.544372
8893.039507 -7882.587409
8865.644146 -7846.630446
8838.248785 -7810.673483
6947.161685 -803.284823
6754.471324 -950.094275
6561.780962 -1096.903727
6369.090601 -1243.713179
6176.400240 -1390.522631
5983.709878 -1537.332083
5791.019517 -1684.141535
5598.329155 -1830.950987
5405.638794 -1977.760439
5212.948432 -2124.569891
5020.258071 -2271.379343
4827.567710 -2418.188795
4634.877348 -2564.998247
4442.186987 -2711.807699
4249.496625 -2858.617151
4056.806264 -3005.426603
3864.115903 -3152.236055
3671.425541 -3299.045508
3478.735180 -3445.854960
3286.044818 -3592.664412
3093.354457 -3739.473864
2900.664096 -3886.283316
2707.973734 -4033.092768
2515.283373 -4179.902220
2322.593011 -4326.711672
2129.902650 -4473.521124
1937.212289 -4620.330576
1744.521927 -4767.140028
1551.831566 -4913.949480
1359.141204 -5060.758932
1166.450843 -5207.568384
973.760482 -5354.377836
781.070120 -5501.187288
588.379759 -5647.996740
395.689397 -5794.806192
202.999036 -5941.615644
10.308675 -6088.425096
-182.381687 -6235.234548
-375.072048 -6382.044000
-567.762410 -6528.853452
-760.452771 -6675.662905
-953.143132 -6822.472357
-1145.833494 -6969.281809
-1338.523855 -7116.091261
-1531.214217 -7262.900713
-1723.904578 -7409.710165
-1916.594939 -7556.519617
-2109.285301 -7703.329069
-2301.975662 -7850.138521
-2494.666024 -7996.947973
-4156.198182 1184.240247
-4101.248151 1226.106296
-4046.298119 1267.972344
-3991.348088 1309.838393
-3936.398056 1351.704441
-3881.448025 1393.570490
-3826.497994 1435.436538
-3771.547962 1477.302587
-3716.597931 1519.168635
-3661.647899 1561.034683
-3606.697868 1602.900732
-3551.747836 1644.766780
-3496.797805 1686.632829
-3441.847773 1728.498877
-3386.897742 1770.364926
-3331.947711 1812.230974
-3276.997679 1854.097023
-3222.047648 1895.963071
-3167.097616 1937.829120
-3112.147585 1979.695168
-3057.197553 2021.561216
-3002.247522 2063.427265
-2947.297490 2105.293313
-2892.347459 2147.159362
-2837.397427 2189.025410
-2782.447396 2230.891459
-2727.497365 2272.757507
-2672.547333 2314.623556
-2617.597302 2356.489604
-2562.647270 2398.355653
-2507.697239 2440.221701
-2452.747207 2482.087749
-2397.797176 2523.953798
-2342.847144 2565.819846
-2287.897113 2607.685895
-2232.947081 2649.551943
-2177.997050 2691.417992
-2123.047019 2733.284040
-2068.096987 2775.150089
-2013.146956 2817.016137
-1958.196924 2858.882186
-1903.246893 2900.748234
-1848.296861 2942.614282
-1793.346830 2984.480331
-1738.396798 3026.346379
-1683.446767 3068.212428
-1628.496735 3110.078476
-1573.546704 3151.944525
-1518.596673 3193.810573
-1463.646641 3235.676622
-4534.971516 1681.387873
-4527.241448 1671.242003
-4519.511380 1661.096133
-4511.781312 1650.950263
-4504.051244 1640.804393
-4496.321176 1630.658524
-4488.591108 1620.512654
-4480.861040 1610.366784
-4473.130972 1600.220914
-4465.400904 1590.075044
-4457.670836 1579.929174
-4449.940767 1569.783304
-4442.210699 1559.637434
-4434.480631 1549.491564
-4426.750563 1539.345694
-4419.020495 1529.199824
-4411.290427 1519.053954
-4403.560359 1508.908085
-4395.830291 1498.762215
-4388.100223 1488.616345
-4380.370155 1478.470475
-4372.640087 1468.324605
-4364.910019 1458.178735
-4357.179951 1448.032865
-4349.449883 1437.886995
-4341.719815 1427.741125
-4333.989747 1417.595255
-4326.259679 1407.449385
-4318.529611 1397.303516
-4310.799543 1387.157646
-4303.069475 1377.011776
-4295.339407 1366.865906
-4287.609339 1356.720036
-4279.879271 1346.574166
-4272.149203 1336.428296
-4264.419135 1326.282426
-4256.689067 1316.136556
-4248.958999 1305.990686
-4241.228931 1295.844816
-4233.498863 1285.698946
-4225.768795 1275.553077
-4218.038727 1265.407207
-4210.308659 1255.261337
-4202.578590 1245.115467
-4194.848522 1234.969597
-4187.118454 1224.823727
-4179.388386 1214.677857
-4171.658318 1204.531987
-4163.928250 1194.386117
-4156.198182 1184.240247
-1842.419975 3732.824247
-1834.689907 3722.678378
-1826.959839 3712.532508
-1819.229771 3702.386638
-1811.499702 3692.240768
-1803.769634 3682.094898
-1796.039566 3671.949028
-1788.309498 3661.803158
-1780.579430 3651.657288
-1772.849362 3641.511418
-1765.119294 3631.365548
-1757.389226 3621.219678
-1749.659158 3611.073808
-1741.929090 3600.927939
-1734.199022 3590.782069
-1726.468954 3580.636199
-1718.738886 3570.490329
-1711.008818 3560.344459
-1703.278750 3550.198589
-1695.548682 3540.052719
-1687.818614 3529.906849
-1680.088546 3519.760979
-1672.358478 3509.615109
-1664.628410 3499.469239
-1656.898342 3489.323369
-1649.168274 3479.177500
-1641.438206 3469.031630
-1633.708138 3458.885760
-1625.978070 3448.739890
-1618.248002 3438.594020
-1610.517934 3428.448150
-1602.787866 3418.302280
-1595.057798 3408.156410
-1587.327730 3398.010540
-1579.597662 3387.864670
-1571.867594 3377.718800
-1564.137526 3367.572931
-1556.407457 3357.427061
-1548.677389 3347.281191
-1540.947321 3337.135321
-1533.217253 3326.989451
-1525.487185 3316.843581
-1517.757117 3306.697711
-1510.027049 3296.551841
-1502.296981 3286.405971
-1494.566913 3276.260101
-1486.836845 3266.114231
-1479.106777 3255.968361
-1471.376709 3245.822492
-1463.646641 3235.676622
5916.142303 -12035.909417
5971.092334 -11994.043369
6026.042365 -11952.177320
6080.992397 -11910.311272
6135.942428 -11868.445224
6190.892460 -11826.579175
6245.842491 -11784.713127
6300.792523 -11742.847078
6355.742554 -11700.981030
6410.692586 -11659.114981
6465.642617 -11617.248933
6520.592649 -11575.382884
6575.542680 -11533.516836
6630.492711 -11491.650787
6685.442743 -11449.784739
6740.392774 -11407.918691
6795.342806 -11366.052642
6850.292837 -11324.186594
6905.242869 -11282.320545
6960.192900 -11240.454497
7015.142932 -11198.588448
7070.092963 -11156.722400
7125.042995 -11114.856351
7179.993026 -11072.990303
7234.943057 -11031.124254
7289.893089 -10989.258206
7344.843120 -10947.392158
7399.793152 -10905.526109
7454.743183 -10863.660061
7509.693215 -10821.794012
7564.643246 -10779.927964
7619.593278 -10738.061915
7674.543309 -10696.195867
7729.493341 -10654.329818
7784.443372 -10612.463770
7839.393403 -10570.597721
7894.343435 -10528.731673
7949.293466 -10486.865624
8004.243498 -10444.999576
8059.193529 -10403.133528
8114.143561 -10361.267479
8169.093592 -10319.401431
8224.043624 -10277.535382
8278.993655 -10235.669334
8333.943687 -10193.803285
8388.893718 -10151.937237
8443.843749 -10110.071188
8498.793781 -10068.205140
8553.743812 -10026.339091
8608.693844 -9984.473043
6294.915636 -12533.057043
6287.185568 -12522.911173
6279.455500 -12512.765303
6271.725432 -12502.619433
6263.995364 -12492.473563
6256.265296 -12482.327694
6248.535228 -12472.181824
6240.805160 -12462.035954
6233.075092 -12451.890084
6225.345024 -12441.744214
6217.614956 -12431.598344
6209.884888 -12421.452474
6202.154820 -12411.306604
6194.424752 -12401.160734
6186.694684 -12391.014864
6178.964616 -12380.868994
6171.234548 -12370.723125
6163.504480 -12360.577255
6155.774412 -12350.431385
6148.044344 -12340.285515
6140.314275 -12330.139645
6132.584207 -12319.993775
6124.854139 -12309.847905
6117.124071 -12299.702035
6109.394003 -12289.556165
6101.663935 -12279.410295
6093.933867 -12269.264425
6086.203799 -12259.118555
6078.473731 -12248.972686
6070.743663 -12238.826816
6063.013595 -12228.680946
6055.283527 -12218.535076
6047.553459 -12208.389206
6039.823391 -12198.243336
6032.093323 -12188.097466
6024.363255 -12177.951596
6016.633187 -12167.805726
6008.903119 -12157.659856
6001.173051 -12147.513986
5993.442983 -12137.368116
5985.712915 -12127.222247
5977.982847 -12117.076377
5970.252779 -12106.930507
5962.522711 -12096.784637
5954.792643 -12086.638767
5947.062575 -12076.492897
5939.332507 -12066.347027
5931.602439 -12056.201157
5923.872371 -12046.055287
5916.142303 -12035.909417
8987.467177 -10481.620669
8979.737109 -10471.474799
8972.007041 -10461.328929
8964.276973 -10451.183059
8956.546905 -10441.037189
8948.816837 -10430.891319
8941.086769 -10420.745449
8933.356701 -10410.599579
8925.626633 -10400.453709
8917.896565 -10390.307840
8910.166497 -10380.161970
8902.436429 -10370.016100
8894.706361 -10359.870230
8886.976293 -10349.724360
8879.246225 -10339.578490
8871.516157 -10329.432620
8863.786089 -10319.286750
8856.056021 -10309.140880
8848.325953 -10298.995010
8840.595885 -10288.849140
8832.865817 -10278.703271
8825.135749 -10268.557401
8817.405681 -10258.411531
8809.675613 -10248.265661
8801.945545 -10238.119791
8794.215477 -10227.973921
8786.485408 -10217.828051
8778.755340 -10207.682181
8771.025272 -10197.536311
8763.295204 -10187.390441
8755.565136 -10177.244571
8747.835068 -10167.098701
8740.105000 -10156.952832
8732.374932 -10146.806962
8724.644864 -10136.661092
8716.914796 -10126.515222
8709.184728 -10116.369352
8701.454660 -10106.223482
8693.724592 -10096.077612
8685.994524 -10085.931742
8678.264456 -10075.785872
8670.534388 -10065.640002
8662.804320 -10055.494132
8655.074252 -10045.348263
8647.344184 -10035.202393
8639.614116 -10025.056523
8631.884048 -10014.910653
8624.153980 -10004.764783
8616.423912 -9994.618913
8608.693844 -9984.473043
1041.444843 -2845.038624
852.313128 -3009.315035
685.741382 -3196.428365
544.464709 -3403.306219
430.802869 -3626.551669
346.622186 -3862.499030
293.304903 -4107.274054
271.726490 -4356.857541
282.241263 -4607.151337
324.676571 -4854.045625
398.335626 -5093.486408
502.008949 -5321.542074
633.994226 -5534.467957
792.124264 -5728.767818
973.802571 -5901.251259
1176.045995 -6049.086108
1395.533703 -6169.844919
1628.661715 -6261.544837
1871.602074 -6322.680152
2120.365707 -6352.247023
2370.867921 -6349.759963
2618.995478 -6315.259809
2860.674129 -6249.313054
3091.935517 -6153.002541
3308.982338 -6027.909685
3508.250688 -5876.088509
3686.468587 -5700.031912
3840.709701 -5502.630738
3968.441396 -5287.126309
4067.566320 -5057.057201
4136.456846 -4816.201144
4173.981793 -4568.512987
4179.525002 -4318.059763
4152.995454 -4068.953906
4094.828763 -3825.285728
4005.980025 -3591.056254
3887.908133 -3370.111525
3742.551826 -3166.079447
3572.297848 -2982.310223
3379.941767 -2821.821336
3168.642062 -2687.248011
2941.868271 -2580.799937
2703.344012 -2504.224989
2456.985847 -2458.780526
2206.838970 -2445.212744
1957.010785 -2463.744426
1711.603466 -2514.071282
1474.646593 -2595.366947
1250.030992 -2706.296548
1041.444843 -2845.038624
