5426.834196 -6339.476259
-6530.567207 5942.083756
370.779029 -1008.005934
-2698.925348 -3762.312348
-2551.881443 4361.943465
-4850.034542 3038.930928
5229.308945 4822.681219
3091.440565 -1688.254304
8151.708568 -5466.457891
-8977.249971 -115.236031
-4063.611979 -2852.818791
4624.955807 -868.147979
2156.549844 5824.279099
-2351.270152 -2456.293977
-9415.106396 2242.439015
-6930.207057 5373.485898
1194.147031 2501.161204
-4684.044529 -1829.511310
130.809544 -2708.319857
-5386.283858 -2392.654728
8542.327058 1274.850639
3737.568011 -2009.733798
-1796.379553 5900.857592
631.984249 -2142.562344
6984.977514 -2125.581162
-8587.628071 -413.524837
8614.694214 -6038.436940
4566.837238 -2794.159900
7484.079948 3734.571892
-7052.244016 -6379.183930
6562.501509 5887.468098
6555.150684 1997.551694
-4164.863697 -5667.349385
3093.237419 1203.258938
-2689.471350 -471.435697
4255.128579 110.010176
-9242.997353 -452.972516
9245.459807 -3777.202564
-3268.059409 -5111.434262
8568.153600 -3482.625500
7456.848838 -5445.512321
-1225.585675 5465.586496
-3414.194113 -3814.977046
-6392.426660 4734.576170
-3071.553448 -3539.547851
6573.319115 5802.589912
6171.983974 5936.975351
6358.588158 5804.269670
-6990.912869 -2864.538440
-5425.709537 -3459.268838
-3772.085723 -4812.076249
-2927.714368 791.389964
-8595.027469 4901.896003
5749.595428 -5898.200552
-6461.861446 -1553.962038
8955.579443 -3509.469625
-3785.710013 -5738.748148
-7751.035581 5038.265458
-7813.560032 -6170.088723
-5929.203418 -3431.738783
289.790245 434.631342
7965.922458 4876.989746
-4665.656113 5453.388116
5430.190861 2935.977073
-5853.299235 4967.515550
5994.402273 4637.067856
-1971.576060 -4384.855839
8205.768437 -3232.728045
-1428.104453 -2123.251326
-5821.254141 271.640050
-5845.527016 -5970.179411
-3484.074268 5903.277969
-9402.481563 -3718.901325
1305.056996 6424.805672
-6073.885278 -4007.524888
-6290.861807 -6357.940843
-2212.553503 -1263.352288
2893.023618 -2105.283872
5944.457686 3360.034070
9390.835851 5828.563092
-1633.551435 -4598.465645
-2580.789893 -535.628378
-5818.593900 -510.035160
8378.009092 -6059.289984
-1441.385516 -3763.093394
5461.360858 -1614.907442
-9158.172379 3315.298249
-1885.695223 -1150.724470
-8792.243262 -3535.210141
-9371.376519 -3568.747492
-112.298405 1756.424704
-9045.218699 6435.437786
115.785082 -3973.218509
-5614.943192 -4697.656063
7512.787350 758.602203
5325.677454 -1955.428180
3258.129394 -1763.179349
8778.567119 3389.992856
1772.759038 3831.860395
9132.600726 3878.671931
-3283.161986 -2637.432479
5879.943905 -2368.132242
4817.844130 4150.350601
-6431.942884 -6119.385277
1755.639869 5444.965797
-5013.292890 2638.378929
-4709.602977 -1578.586730
-8985.843887 -2029.783456
-5508.992001 5619.004879
2225.410349 5409.312328
-4711.800987 -3269.798018
365.822567 -5698.291797
5437.491099 4027.702617
-4755.389291 6079.650053
6485.190498 837.760534
9397.844951 3857.440665
3.934899 -5794.717008
-2534.712012 -5484.914217
9336.208988 -2803.375445
-1495.545373 5154.189168
2798.648404 -4499.467872
-6213.508096 2189.578147
-9257.233562 -540.735002
3223.257096 2654.874178
-2706.979340 639.249619
8784.844505 610.493529
-4175.593940 -5826.322279
8869.834745 -1115.877151
-9380.302366 -1186.678240
8926.753802 4232.634850
6843.603939 -297.765962
9407.086067 1903.186864
-5822.855924 2027.861067
-5708.377889 -2212.892745
-6121.422720 2380.040157
4133.649444 1933.125552
-8276.454289 5524.242383
-861.336885 5135.303906
7953.157767 5176.026673
3218.037657 4825.915555
-3401.286864 3054.782876
-7176.616767 3032.330617
1697.870497 5499.766981
339.666029 -4833.705415
-6566.619482 -2569.936518
-3095.795518 -6189.665804
-8170.017146 -5395.952604
6534.650532 455.986075
-8716.504503 -558.263991
2612.726735 -4802.578246
-8173.201134 -683.267515
8924.360301 860.700316
491.902927 -4420.596611
4472.193201 2250.606714
-4231.511792 4210.684459
-6.191382 -4340.613772
-2387.001073 -3474.294430
-6109.534814 -5456.179801
7136.042156 -4962.647041
-350.572563 3259.125608
8677.374858 4123.272991
-6136.511687 3771.529146
-7065.146104 -2332.419069
-9371.384335 -5721.210583
-9323.604261 -2168.238144
-3603.228601 4267.038408
2483.392080 -3800.755391
-8780.196508 -1528.877154
8944.668768 -3100.522979
-2468.854369 3099.833805
7397.271755 2579.608735
6821.760276 4833.084688
-1932.005591 -6425.907727
-7726.155332 -6379.101522
-781.022917 -6299.702119
2896.772155 -2318.146036
-9228.565626 5815.400929
1872.946611 6265.486161
-4464.040636 5927.595745
-8636.031845 -2196.034315
1409.699711 -3589.482252
8059.952889 -5375.515595
-8080.912020 -253.934028
679.007930 915.165845
-8388.094095 -6057.109275
7686.270147 2358.425078
1695.909248 2502.655132
-426.177854 -2659.213550
4650.474033 735.139239
-4258.092959 1283.566457
817.548623 -4194.306294
234.773621 -5135.706016
-2702.929653 -4208.603574
-5620.707293 2694.081973
-8449.943635 3411.640038
7805.757060 2215.332469
-7656.833835 -3067.302319
-5154.324206 3081.480277
-2906.910577 -185.696896
-1409.924189 3349.143187
6307.780597 -2532.665679
-676.524481 4066.985246
-6101.079147 -4216.319362
-2457.888984 -1610.987224
-6913.109339 -935.619855
8072.236895 -2050.419376
-1805.078161 -834.031815
1426.379894 2089.443744
-8680.442347 -6333.006543
-8269.585512 -855.286926
3462.918564 -2991.931720
-393.230425 2986.076819
-2338.079600 5263.723099
-1012.540963 -2852.426919
-5177.606592 -1128.707384
5098.629417 -2061.727571
9182.437211 3146.437596
-670.273971 -2320.056761
3434.318034 -1801.924186
-2173.312766 -1003.525441
6568.740678 -5080.794081
2158.026979 1090.463617
-5730.680240 5935.041633
8519.689366 -1195.163620
-7911.571505 1712.429849
2605.593540 -1249.037934
676.941524 -1424.734506
6965.638629 4557.537827
6877.360642 460.759323
6945.196986 5417.733099
-3680.776539 3459.102330
-9252.779316 -1508.298652
-1007.335837 1022.015394
5514.474751 394.225099
-1585.236545 1436.843251
-899.579054 -3225.250018
6203.684117 3676.025929
8479.474800 1988.139266
-2085.827129 240.033736
-5852.664010 -1461.797203
-1650.621335 2466.859521
4543.219440 2594.572190
2895.627882 -4532.082384
508.524408 5669.118904
5809.368046 -1851.750883
4180.552196 3974.100891
-8719.293718 1766.446634
4612.267515 1111.223956
-3695.038094 6127.876096
-1886.892501 -4304.021138
-1576.608481 1009.506818
-5635.445366 -2330.834122
-2465.376159 6083.919665
-7237.081125 -8.690201
-1990.870881 -2485.327332
-4078.316942 -6073.061881
-1453.825768 -5581.431785
-2880.455842 4004.328455
8047.431463 -4955.743353
-8992.803235 196.612128
144.037065 5560.627985
3457.175818 -4723.093466
1133.833697 34.649143
1606.674866 1537.371193
950.174076 -6260.202228
7019.094783 -2602.727853
-9406.142095 2845.044284
5078.147595 -5559.359890
-7128.561382 6369.698893
-912.096145 -6204.245645
8434.879294 333.509300
-9058.256417 -3747.676757
-1648.283820 3465.268380
5240.424950 -1878.237679
2676.394299 5209.423970
5908.992275 3558.002444
-9201.228954 3581.098634
-4173.563070 605.659162
-2715.742593 2182.407995
917.194400 -4879.278783
-4601.644618 -5564.922305
7471.131897 -5304.515758
3180.078555 10.606736
8379.819203 -2854.135164
6393.272727 5411.068341
4669.568237 3002.389919
8570.388798 3165.267695
7201.908634 -6121.230127
7123.671921 -1534.275088
6943.110103 5530.889460
7107.419955 -4047.624366
-1679.361468 -5390.688582
-6520.058339 3218.103351
3159.163039 2494.900565
644.977506 416.574259
-3672.440843 -2837.577795
6666.002774 -3430.783451
-6065.833765 -4957.498424
-8469.802839 6341.417395
1765.534172 4638.162888
-4591.918905 3046.992416
9212.717233 -4538.084727
5801.186161 -2546.245280
-7034.795941 6048.279125
4265.195876 48.750799
-4822.444097 3983.093727
-68.723578 2090.810338
-114.871538 4392.499265
305.548972 5054.319676
7916.795348 -180.820447
-4683.938026 3126.300126
5101.704265 2971.259085
-2455.145925 489.040683
4145.589985 2129.751651
4963.731172 -1400.243181
-3047.449646 1749.624541
-5778.384223 -4736.755283
-4098.683769 1624.385048
-246.439668 -4606.684597
3462.020010 -5645.739302
4529.805342 -2401.389605
624.336291 -5360.759885
-493.748619 -596.038719
4095.492282 -4207.622760
8111.222022 5617.888563
2758.418101 -2900.430505
-6195.360308 -402.657751
-2644.110449 3240.923380
-2093.666077 -3366.685544
-3573.830032 5434.432872
4120.931858 2084.941500
6958.700680 -3928.667241
4712.193667 2174.021930
-6257.403037 -1471.736281
-4664.885346 -2378.162747
4314.942598 5942.993335
6419.636696 -4722.674330
-7859.526637 -86.855393
8562.581078 4924.449411
8791.508796 -3952.940265
-8695.948146 5297.655154
-1383.727763 3605.035765
7509.874207 379.960666
6089.711824 2550.970539
7941.375071 5808.317024
8588.595121 2312.256939
-4456.077681 251.914825
-8651.027541 1330.035400
1345.061765 731.503705
-3034.249441 289.135155
-8886.941148 796.690443
-2243.208016 6292.279962
8081.286247 4975.643829
-6727.206995 2690.243324
4626.804549 1667.955694
3054.542874 1087.169489
754.426100 4486.954216
971.093900 5025.152114
-8379.564165 -496.813439
-1071.214164 3872.872019
-8997.686137 4250.141349
281.951772 -3719.563956
5406.400245 -4646.411118
1647.852939 -2795.878220
-7811.093191 -6079.201543
684.676536 2443.956173
3130.104682 -3480.911750
-3495.172048 3621.020372
1269.319701 4344.397126
-2333.838993 -2825.832070
3926.860667 -2524.107481
1915.470524 4107.726040
-311.737175 1356.204258
-4684.888241 -3959.212167
4325.729151 -2848.052697
6341.490071 4058.499692
510.989623 -245.798073
-8181.849867 3809.468834
-68.055929 -1764.164200
-2122.566817 3083.306549
-7939.631970 -677.483790
1913.807471 -5810.344760
-3125.456527 416.503594
-5536.137700 3660.205095
-2605.443061 171.503063
853.431947 -1942.146804
-1544.969818 4845.924984
393.777743 5704.172630
-1799.231461 -781.751756
-7063.561605 4209.838390
-7030.426843 5233.315078
-1257.513312 99.319649
1097.130750 4406.788161
-4000.094401 -5809.190523
-5461.335846 -1146.994612
-1657.686755 5874.674353
-1344.470604 -1618.727469
8048.417284 5089.388191
-5294.195142 -2577.458319
7097.011830 -956.369861
-4311.800810 687.321490
-7273.772387 6269.008251
-9313.432369 577.916451
-1302.517948 4288.750360
2634.082644 -5876.202201
-2617.901459 -567.493923
-1276.980187 4954.874885
-2272.163915 4005.606145
-4345.302511 -6045.331320
1875.548088 5235.398307
4827.821057 -4145.398448
6011.884434 -2667.705364
-2098.454319 -2581.367201
5691.348272 2969.619634
-4474.845494 -1673.039780
-6882.478678 2980.657630
8761.880667 -4329.934951
-6286.737294 559.607477
-4434.554801 4034.957529
3079.196676 -1125.136554
-249.044477 -4271.336380
6870.294906 6269.173139
-5140.298505 -1601.788369
-6863.693941 -4158.932740
7140.014187 -771.950490
3089.490025 972.663764
7647.046826 510.084374
-8851.786022 2661.083865
8841.408783 6075.550434
8232.436071 1736.525745
5858.307674 -4872.860051
6847.222781 6253.214530
-5514.590995 -3692.742273
6659.433987 -1935.314003
-5133.220240 -3504.250306
8941.528985 5042.746623
-934.219823 3819.682850
-7717.446842 4220.933270
-4240.315970 3812.604011
-4288.129743 2988.863766
3454.659945 545.610821
-4504.125876 -1223.053257
6167.397246 1454.666159
5050.774974 -442.098131
7277.355579 2495.773507
-1067.706431 2155.741287
1453.110274 -4921.037167
-4718.313665 -3745.996801
2451.284485 -199.030136
9087.349914 3315.320349
8829.079297 -767.581912
-8012.571860 2599.426714
-6247.308626 367.019352
-455.429514 -2627.092366
-6940.628474 -4102.341180
-9122.891321 1608.822432
5527.271972 -3839.437785
-2543.091789 -618.537450
5014.231385 -5385.892700
8720.650275 -5626.453112
7368.600945 -6043.192934
-2623.608933 -5069.472218
-4968.756587 -2891.576444
4258.567007 3237.252126
3397.795801 4942.199471
-3244.290429 5158.515297
2713.837286 2489.446209
-7982.040879 -5684.824939
4150.628245 4175.135131
6551.528668 3684.430406
4372.530667 2271.424662
-8371.705840 -5957.771289
-7865.306704 -2907.710700
2619.125297 6436.772588
-187.634865 2315.080433
431.768381 -6337.513664
-6030.371396 1953.231590
-8680.943922 2947.779023
-2798.262862 -660.368167
4628.956278 -2630.740110
-5631.936614 -6087.516469
3568.137768 -5358.779155
-4103.392437 -4284.601456
-6573.835855 3941.535982
5141.378010 -2625.959227
-4218.379335 4108.071758
3424.000825 6433.951355
5275.790435 -5927.258226
8233.897706 -1396.594423
7872.554033 -4678.449942
3472.409672 -2080.777890
-7037.934432 -6086.271199
2037.912797 -2445.902089
-2588.805246 -490.747003
-7219.521545 -3423.053821
983.559701 138.876928
9336.148053 -3964.939465
-7767.919212 6073.443216
7769.317046 5250.700025
-5981.514964 4181.466088
4731.113461 110.671811
-2920.267054 1749.241856
-8987.362325 -3300.095072
6984.520953 1373.450333
414.508044 2888.150658
-565.035892 -2880.413681
-4962.342499 -2951.256331
-9367.783156 -1810.645713
5857.698208 -2950.302804
-9284.161280 -591.095772
-2964.405322 -3803.264725
-9134.970560 644.173872
4092.280794 952.940854
4293.956283 -722.065224
-5663.779948 6000.191620
7680.450121 -824.747859
-7091.732872 2229.688103
643.671924 2278.950854
7842.454925 -164.717832
-5581.486188 -58.412383
-3435.597356 4358.917270
8312.531065 4566.993232
-5695.035355 919.044303
3779.616179 -2591.331605
5827.680423 -15.381496
2669.635832 -1215.659198
4729.042114 386.212225
-6977.952703 -5614.206706
6980.732203 6175.027244
7174.413835 -4071.885924
-2938.422754 24.019884
-9186.664103 -745.083534
-5050.577275 1809.545685
-8957.524586 -2051.687536
-4482.985082 -4515.832872
-652.450738 3744.760347
-7470.957435 531.178423
-1580.847674 2210.665030
-1789.904618 533.074454
7199.569958 -1012.396108
6663.414757 3422.657565
3077.224455 3595.470754
-3253.971499 -6289.282674
1202.107691 -5960.161866
-7580.581722 -2578.732039
-6945.819674 3415.698420
1346.843954 4758.881640
765.676283 -2758.994277
1394.349244 2459.521530
1635.317746 931.211222
5347.095608 -962.837585
-345.914534 -5303.207619
2308.818384 -1083.405656
-1823.740992 6176.112615
476.023518 -5434.484425
5595.792335 -3733.078253
6765.201273 3625.171921
-726.707543 -2292.021678
4462.113182 5098.634250
992.395634 -225.333063
5478.553666 -3017.309534
5542.164506 3186.224720
1436.564050 -1678.313847
-2448.824959 3517.120469
-5631.527115 -2597.659893
-3154.527500 -5219.987787
-5110.276843 5834.397134
9350.267411 -1100.826730
-8553.742419 -4496.494338
5467.789065 2619.968764
-7465.568211 -82.333537
6509.600533 -2741.243677
3270.519727 4678.209105
7883.217889 -3431.757885
-6770.197315 -833.806492
-1070.307592 3453.831237
8597.067395 6407.353723
-4741.228427 6346.142600
6880.481251 -5928.296422
-2343.454353 4241.058206
-2457.717484 5587.917687
2444.787456 3588.944449
2578.145925 -619.569140
-9188.823702 -1681.528722
-6359.862390 139.678311
2101.053361 5849.067539
-6530.284133 5274.060700
2831.326429 -4399.670287
1139.177468 -6145.647092
2295.382184 -1304.735472
-2147.663807 3458.231505
2728.593162 -1313.555702
-5853.682412 -5994.372373
1862.073530 -5823.032354
-4892.963988 -3721.915178
-3430.322073 4150.819262
-6344.528223 6135.683180
-9305.859291 1627.573697
6475.952143 -4034.835916
4127.163642 3970.460013
-1444.435729 -3934.069769
-8264.414181 4366.741219
-383.171164 -6065.850725
-2850.186976 1643.863528
1657.756271 4745.626070
-3069.538737 -4033.869585
-8662.379593 -1922.292201
2916.301099 -1830.788059
-1394.725106 -3852.714567
-5274.976958 5402.131860
-1627.908808 -2022.690590
-2351.238151 -1220.764226
4439.822471 4957.355402
-6996.581035 -3426.400857
1350.727655 4143.938291
-5198.113875 -4389.448865
3777.947746 -3858.994769
-6571.371616 4569.861262
-5094.745540 -2821.051061
-92.996550 20.121172
1289.257529 5349.142495
6344.352881 -2694.255612
8360.882669 -6105.128832
-7954.835528 -4438.349550
6459.271855 2922.549892
-489.759207 5816.154310
-3912.250767 1953.782966
-712.731050 3910.619033
9242.940656 -6004.263802
4110.716474 371.798568
-2542.239954 -5188.233869
-2720.364356 5579.069138
4751.929086 4842.948788
-8828.530801 5856.054362
888.069024 3822.749388
7239.484807 -2950.840068
-2283.822182 819.916413
-8024.231525 -6105.773380
2374.557884 -6240.197502
-802.179087 3003.429483
5490.580630 -5170.260585
-8695.071791 -586.458283
1489.625527 -3784.427843
-6715.504981 -3367.313870
6892.955685 3677.982790
-3534.264847 2176.900419
4004.719557 -5820.509856
4967.856635 -4854.742785
2223.774770 3204.562882
117.728422 -3782.143928
7996.721059 6402.757981
-1169.989827 -5968.088931
7281.948672 1487.559753
-5486.580818 3346.075191
-230.413789 1608.607826
1189.721595 5637.207564
7724.066120 1929.528700
6020.369008 -1121.145797
4805.899219 -6043.696901
3883.597400 476.111598
-2075.819994 -508.421750
-6174.592915 5132.969194
-1693.085711 3660.853560
6680.630696 6357.680136
678.025503 -238.996733
-9372.832273 -5866.927649
-6792.457818 5841.547328
-3304.673322 3508.844597
2506.289707 347.690780
3574.989128 -3442.611615
8539.245871 1580.866897
-5430.359451 3808.365730
171.101397 -3786.073411
-1486.746083 -5668.378351
-7679.406865 1233.637033
-2073.925263 1279.455527
2355.433877 3085.477548
173.390102 -5608.306765
5787.800038 2540.859820
-6897.561561 -1459.959831
9435.033762 -2074.409648
-3297.692988 660.768358
934.268397 -5662.014757
1092.866572 -236.699228
1131.520710 964.290125
-8620.182968 5989.061128
1347.477140 1156.321346
-8441.432880 -5164.900529
-3646.544003 5222.749719
-7781.957027 -5921.924828
-7524.074546 -5925.312556
4491.283448 -1735.335219
-6230.475986 5341.476364
5817.561475 -352.524247
116.026501 -6020.156915
5662.944606 -5460.918379
3645.483506 1897.763723
-3288.814617 2578.936707
-9004.623076 -6348.054835
-1555.652172 -5217.020113
-5686.912788 -3910.070753
-3419.159050 5593.160155
9257.249607 -5096.461680
4193.414545 5311.490345
8222.589709 -1048.862127
4225.368206 -3625.382071
-432.175208 5300.886053
6045.393344 -3382.080238
-4488.536055 -3085.087684
2073.836642 2293.223527
9394.949876 4853.393559
-1410.162620 -3918.487236
-5319.193815 -4043.150500
8042.124688 5256.889009
-7433.340558 4426.432057
-3414.068823 869.268769
2039.756923 -5865.039738
835.613804 4698.327899
-6027.931061 -4803.028879
6122.578343 3051.139671
1185.184972 3020.408704
-44.185704 -4381.034331
-2514.250253 -1570.024645
-3015.484653 -2523.585888
-5170.327437 -1154.742293
577.247912 2955.849213
-8429.814026 -2092.229744
-226.029727 4917.284567
-6420.213827 -5634.171161
-7696.989382 4981.848250
3827.991433 -649.177319
-5852.184195 5760.181384
7043.324711 -2394.415497
4571.767729 1988.070369
366.559407 4900.629317
-6789.710548 -1145.100781
-3231.673930 -456.001991
1168.494054 5829.311735
3016.186730 -4989.739848
7262.868060 -3800.744416
6542.374678 5250.021562
809.656450 -5181.548372
-1905.449243 6062.558564
2517.863785 2741.691852
-6198.279789 -3447.759494
-7167.220522 -1639.863421
5636.972781 2595.148844
5934.057026 -3047.262448
3999.646008 5449.730608
3245.808674 3964.599133
355.123359 1987.982786
5952.775051 -3899.209724
-8325.421988 1240.487268
2206.282025 -3481.450884
6212.402401 -1270.110069
7962.611720 280.267415
-1405.842113 -2313.969214
-2002.773126 -4705.549706
-3494.211055 4462.310513
-2860.369708 236.940270
1641.761523 -5960.312187
4400.174064 4539.875837
9002.683727 5300.185706
-5827.384794 365.701918
-7198.263769 -1836.005158
-4183.393791 -2843.806199
5867.514590 2636.698008
-8597.212555 -5168.994535
790.918829 -1113.072087
8728.095470 3375.225505
-5842.814588 -1944.346182
-8059.436650 -5382.265580
-6552.114283 -5680.581067
6213.703289 -3216.234074
4435.879831 -1687.032754
-8643.864445 1898.763399
7007.249965 -538.209037
-9053.804202 36.698776
-3692.969885 -5863.275616
-1230.601111 -6348.901593
-7860.889198 -3895.080040
5091.289212 -2953.328166
-3621.290854 -983.355694
4875.948649 -3184.175369
4469.289711 6281.261944
-8068.865257 -6054.653856
3544.095472 5164.844677
-9297.670240 5428.288310
-1396.935503 -3530.372668
-4567.911380 2069.672263
6649.032421 3146.863365
5575.657406 180.388453
6052.137656 4149.623368
7641.156880 1036.253799
-4924.669724 -2354.518336
8356.394101 -1419.198185
-3899.045463 -5441.091963
-7503.473825 -5344.001651
-1614.103524 142.578204
5119.984253 3466.075520
-6893.115034 1562.215798
3703.784044 -1073.847140
531.244830 -3384.878879
5357.153049 -4611.960481
-3924.788018 -1531.826020
5441.301459 -2271.008243
-3508.442964 1508.756242
4553.228686 2829.758393
-7747.487819 -4710.803016
3096.437671 5221.296411
7534.404020 -5920.344936
7145.522028 3045.692925
-2418.919092 -3031.418195
3539.789814 -5816.533972
1577.597379 -2054.329782
5603.793322 -4782.043692
-1890.487632 -735.829541
-7921.149993 -4069.342669
6534.136007 -2914.794768
-7121.565152 5636.941501
-6256.164842 4337.038390
6339.369350 2771.859269
7920.694830 -5317.707420
-4900.050772 3536.461707
3838.289450 -1826.879578
891.045748 -4443.749595
4054.612230 706.153472
-10.056576 1742.237648
-9366.434493 -239.998706
2691.374970 1341.522608
-5916.643959 3513.377110
5116.393693 1398.280592
-7705.728045 361.885921
3348.235674 3458.814216
-3564.562110 -362.395015
-4048.909424 -6194.067787
-2103.504799 3011.287664
8203.208800 -3435.072440
3104.460040 -3384.889698
3172.761121 4890.532884
2064.549695 -5585.008306
-2125.770225 4344.641820
7187.323405 5527.676169
-735.088533 1372.176547
5966.783792 5380.108993
550.537744 -3821.356287
-1940.033349 1183.237023
6044.582882 339.559382
7143.236445 -3982.231892
-1549.936672 4621.568450
1163.498408 -409.598106
-412.623186 4579.806840
-9378.932094 3043.142540
-8374.733486 -3897.798421
7139.921856 -6267.054334
-6196.676626 547.995221
-293.483184 5664.100656
584.114411 3347.915424
5866.059566 1781.177185
-3254.082203 -5715.612772
4235.064081 1517.568160
-5903.145558 -5203.402927
-232.317417 -5161.745423
4101.820449 -4435.073419
1007.503714 -6004.072705
-3639.829740 -3791.638291
-4449.089329 2447.662037
5916.220147 -3593.384076
7339.307489 -6031.349064
-6515.367281 -1811.622612
-4155.043033 -5362.171860
7044.829926 -2949.505098
-3361.518644 3331.519477
133.234669 -309.921965
7354.001323 -6062.152886
-4052.434907 -2105.564285
-5215.536260 1298.987544
-7515.336103 -1104.760382
4532.748464 -2537.748674
-9128.046141 -542.709225
-2847.656580 3062.426415
-3782.584446 1428.560128
-2905.452933 5574.998767
-155.194127 -773.615153
5533.458487 -2196.580035
-7019.573253 1478.549776
3189.034055 4360.269506
7545.797209 5673.179805
-2805.169390 2325.696084
6322.193843 2538.495542
3353.804679 -5843.534601
1964.727215 -1984.326183
5691.815893 2473.217868
4862.753297 -4072.147878
-5860.640143 6142.003174
2849.139315 -5085.901701
-967.738105 3528.999237
6559.638295 2236.867994
3027.488635 -6116.179494
5215.120405 4636.007716
-2832.833675 484.306992
3048.583369 -4614.953506
1584.201455 5707.221117
-1147.498068 2584.850333
4426.719484 5026.512182
-2659.144582 530.553767
1862.474844 6309.910809
3336.041483 4345.070845
3686.219242 -29.226506
-1994.243425 -2911.229912
5486.607360 1595.851396
-5038.885002 -2764.056167
-9033.304946 4756.107527
37.894594 -2466.158772
-6300.480526 -5885.970200
5805.028189 -1260.406804
1014.847479 -6429.418806
-8041.988610 2285.763306
-4379.682852 -1639.180682
-243.404647 3439.945327
1249.039842 743.136856
-5988.544708 3745.359323
8328.568919 4022.786526
2692.196605 -2390.863661
-8594.908351 -249.239122
-3073.386093 -2728.836683
-6214.097306 4402.941955
9335.219906 5356.596017
2934.203809 -4070.506496
5930.343058 2202.954921
-4781.241962 -3384.512021
-3713.384907 -1030.100331
2742.497572 -1788.263520
6730.606942 -6391.280465
-2336.554885 -5814.800838
8287.731594 -1471.812464
7624.321779 728.738426
6975.690523 657.262634
237.879301 -3780.668994
537.107346 -6174.782970
-3560.868767 -2996.809195
2870.558322 909.603717
5352.503620 -3659.100407
4291.662171 -5507.314036
9165.928580 -661.695941
4234.822310 -1447.716328
4743.371567 -2686.281996
2266.423806 -4367.311755
-1798.009567 2234.457711
-2389.611403 -3838.654292
-9191.786350 171.797570
7364.505435 -4309.549855
-5909.280765 5781.162757
6515.423978 2269.221920
130.816252 2082.263979
-5338.012285 -1468.450195
-3524.447726 -4672.257276
8797.412632 3313.284690
-6237.211332 -4352.728304
1505.884201 456.697271
-9242.957720 626.016317
3935.020959 -789.783186
9006.435315 1618.698436
-726.217081 -376.302342
-9092.329296 6152.434020
-8988.456213 -3928.393328
-1566.866239 106.903168
-7523.237613 -331.438083
8438.120208 1853.345564
-644.913512 -3558.914890
-5915.231417 -3424.502415
-1493.702267 5699.273805
6050.232252 5403.517465
-6250.924259 -1531.371830
-5785.509620 -1294.208112
7172.404741 -986.187321
8537.641125 4384.474210
-6386.428919 5691.994491
-7013.381568 5008.561760
-4581.226396 -1870.866271
7960.425211 533.556112
-6900.213133 5954.126483
5401.364043 3641.794972
-8244.124054 5817.224346
5878.746566 -4568.863499
700.792126 -6115.704565
-795.999640 6147.750946
7303.923542 -4648.254254
5477.974294 -2992.935462
-3071.058723 321.479011
-7397.291299 -687.813564
-7303.681155 1044.703129
-8295.207322 -1710.254106
8074.565505 -894.486823
-6120.579782 -3323.797368
6107.027558 3593.748283
7448.931292 -3388.743214
5778.265192 -4845.868675
3011.791635 5330.433810
-1852.369162 -3203.990205
-19.130729 -1810.555599
-6843.724473 -353.264793
4500.147348 427.656017
-7137.283032 -503.775709
-806.939864 1760.568206
8265.667243 -513.020364
-1067.056989 -1871.228727
8052.528574 -4369.082684
917.994997 4124.912256
-1164.039281 -3578.182159
6665.199354 2848.267813
4046.136087 4619.318264
-6481.442208 1249.595684
8803.828522 2820.395039
-5542.175795 -4169.559336
3559.291425 -4970.630924
8489.022280 740.975698
-988.982860 -205.488523
-8130.800455 -6018.777853
1981.543792 -373.327735
-2043.008862 -2266.159177
718.250294 -5945.585737
-6478.359895 -3927.404286
-3608.046752 -4361.368935
7963.755220 -1702.466495
-6203.533762 -5713.994347
7197.113869 -6362.704208
8414.629388 -597.839279
-6212.722022 295.231745
-5353.148718 -4792.557318
-299.019862 253.303321
-509.466191 -5696.241937
-3388.212169 -3675.957884
5004.889542 302.311495
8092.555921 -704.709513
-4372.152915 1503.047302
4196.430295 -26.938428
4411.248545 -726.395432
-5115.169583 1475.093608
4855.170908 4262.940948
4838.230729 -2380.535584
-7940.790776 3711.431844
-1115.757509 -5039.338529
9391.888312 4814.248993
4065.975193 3895.089438
5684.327364 -5526.876531
8366.236225 3775.220173
-7719.275944 344.855237
3638.808014 3295.040138
5989.687635 167.497024
-8125.093306 -2971.601840
6451.456363 -1948.915632
3237.586910 3729.469910
4074.938447 3696.650496
-4084.535785 30.757190
-3837.080558 -2531.176496
8053.770356 -3263.644909
-8414.869199 -2089.852265
2371.630192 -6047.137836
5880.546487 4478.230122
6198.730961 5375.194281
-6412.836240 3336.557973
-4143.621298 -894.420751
178.163609 -4554.199763
2117.408023 -900.967579
326.667848 2921.066292
-126.209831 1975.449147
-4484.794719 2674.742564
1102.161731 -2146.948902
2079.489924 -4575.031630
-6137.639238 6092.935327
-9270.995028 -4721.083637
-5821.368222 -1108.156655
-6344.516336 5452.877726
7991.448940 457.768500
-5947.497218 -5758.894896
4722.972563 594.511021
1169.094491 3974.706403
3991.592631 -1712.953505
7389.275005 6145.071428
7911.829224 -4481.221779
6874.161999 -4365.934966
1287.729683 -1897.483759
3830.119197 214.101734
9136.268969 -774.027986
3681.643223 1608.384267
-6930.838599 -1609.338004
-5207.406150 5627.660299
-9002.928628 1911.026897
-6505.775842 512.123967
-1275.401305 -530.318375
3446.925935 -2280.605861
-8191.630361 5037.319494
6865.308517 1210.536921
1595.906169 1003.346663
6437.570626 -2924.718852
-6603.030289 -1213.093339
-9332.106392 1674.172349
3205.547600 1972.320771
3792.093418 3973.903023
3947.020976 -3335.612518
6972.691047 5455.209469
-5841.891408 6306.785347
6881.905425 4550.458461
-8400.434826 -800.393476
3502.536807 -2848.501951
8323.323087 -913.261861
1344.896570 -839.662191
-6823.648255 -5092.496537
-2750.718756 3933.781595
-7367.039937 186.743621
-3320.782573 -1496.332233
6822.215334 958.119067
-3970.316559 -786.886237
-3548.259029 -77.746413
7784.656875 -4127.989452
5390.074367 -4889.731087
-8222.845151 2467.190677
8938.492187 4251.936129
671.157729 -4063.967836
7669.375649 -2649.897251
337.744641 1524.329516
-8436.809368 -261.393410
1474.083270 3469.753467
8615.731070 -5390.192939
5144.040185 6359.614046
6936.581240 3596.955554
-2049.676054 4427.238249
-2826.838080 4085.134477
-1629.357256 -1896.535000
-4105.140154 -3104.367151
3132.834184 3565.525499
-1262.743196 4249.852414
5186.236299 -1184.101065
1041.678076 -1746.376471
6223.147326 -4676.867285
-4086.819161 -6384.575454
6755.101702 -1343.262842
-7106.193541 3167.908363
-5294.353120 -4383.058379
-0.095799 -743.881475
-8030.461515 -5046.317315
-4386.232842 531.801879
8314.805562 -2369.904837
-2217.662887 4780.176309
7668.102797 2585.798889
-1443.240526 6237.473466
4158.381518 4405.968948
6810.123760 5997.976019
6010.478379 -4053.069211
-7009.396895 2386.365446
3739.873595 3347.882721
-8603.965536 -6083.687877
-5277.723638 6027.760260
5752.682558 -1924.519424
4782.984096 -3133.219851
6397.221161 2321.773012
8091.975002 -1281.085280
-1622.430454 -3075.056477
2747.166722 -5414.506104
-8748.590725 -3756.469166
6985.157049 5234.187198
5881.244222 5804.488462
-3883.072404 -4235.212954
-7681.556537 6128.481890
4967.469906 2951.696512
-6912.845774 876.063631
-209.322712 -43.492198
3513.140775 5289.266180
6588.351138 723.747123
-5718.044734 1195.392253
-5086.142630 -479.179912
-8986.404076 -2906.786674
6514.938106 883.873840
2532.689441 2083.396793
5169.187050 -967.541511
-6227.466267 756.357815
-4780.511039 -5825.931761
4228.434245 3010.058707
-710.506665 1064.805221
-4146.855390 3603.738589
-3650.008814 -6305.275767
-4920.093362 -5995.855109
-7121.074550 4887.812680
-6090.676017 175.987849
-5516.215214 -2737.349020
8825.291953 -545.917773
-3868.933370 2632.554596
-7186.916183 -922.517192
6688.913061 5032.310385
-6694.278925 -4235.968776
-8885.082867 -286.323835
-2338.341707 2796.932393
9387.188770 4378.788378
-5911.563860 -6215.468854
-8716.156115 -3538.857394
-3499.118099 -3958.180754
-6613.295584 -157.875292
-8828.011292 1379.066789
2809.875570 -497.588332
