0.135094 103.947 103 14
0.13864 130.25 129 18
0.137066 146.373 145 20
0.139221 158.534 157 22
0.138501 166.595 165 23
0.135528 177.629 176 24
0.135772 184.7 183 25
0.135294 192.762 191 26
0.205 103.16 101 21
0.20948 129.838 127 27
0.205395 147.092 144 30
0.209771 158.474 155 33
0.20564 166.508 163 34
0.206939 184.946 181 38
0.207769 189.066 185 39
0.208563 193.186 189 40
0.210382 196.329 192 41
0.273009 103.846 100 28
0.273009 129.808 125 35
0.276425 146.564 141 40
0.275691 157.965 152 43
0.274167 166.208 160 45
0.279072 177.882 171 49
0.279041 185.162 178 51
0.2783 189.283 182 52
0.277589 193.404 186 53
0.2783 196.563 189 54
0.346286 103.121 97 35
0.348771 128.752 121 44
0.347607 146.779 138 50
0.347693 158.483 149 54
0.348259 167.027 157 57
0.350213 177.792 167 61
0.347386 185.054 174 63
0.350124 189.497 178 65
0.347888 193.598 182 66
0.347468 196.759 185 67
0.416269 103.87 95 42
0.41197 129.865 119 52
0.414757 146.414 134 59
0.415662 158.496 145 64
0.418224 167.431 153 68
0.415945 178.194 163 72
0.417675 184.895 169 75
0.415075 193.424 177 78
0.418224 196.977 180 80
0.480887 103.769 92 48
0.480887 129.711 115 60
0.481938 146.711 130 68
0.486243 158.354 140 74
0.485035 167.296 148 78
0.486314 177.589 157 83
0.487173 190.118 168 89
0.484478 193.238 171 90
0.558599 103.774 88 55
0.560232 129.85 110 69
0.55788 147.34 125 78
0.561922 159.531 135 85
0.557962 166.208 141 88
0.558027 185.076 157 98
0.560272 190.058 161 101
0.560789 193.662 164 103
0.561286 197.266 167 105
0.620249 103.228 84 60
0.620249 129.035 105 75
0.625792 146.823 119 86
0.624635 159.028 129 93
0.623047 166.235 135 97
0.625485 177.629 144 104
0.623855 193.437 157 113
0.623199 197.041 160 115
0.697192 104.35 80 67
0.692768 129.958 100 83
0.693867 146.986 113 94
0.696349 159.022 122 102
0.696273 166.832 128 107
0.697503 185.27 142 119
0.696084 190.263 146 122
0.69866 195.898 150 126
0.695937 213.694 164 137
0.7717 103.247 74 72
0.769183 130.832 94 91
0.771045 147.801 106 103
0.772066 159.113 114 111
0.768451 166.901 120 116
0.769526 178.213 128 124
0.770132 185.284 133 129
0.770801 193.768 139 135
0.840138 103.392 69 77
0.840288 128.888 86 96
0.837981 147.99 99 110
0.838918 158.619 106 118
0.836202 167.093 112 124
0.837145 177.722 119 132
0.838783 185.526 124 138
0.836449 194 130 144
0.908067 104.019 64 82
0.911793 129.016 79 102
0.910948 146.82 90 116
0.910862 158.221 97 125
0.908182 167.431 103 132
0.907859 185.235 114 146
0.90837 190.234 117 150
0.909753 193.83 119 153
0.977446 103.73 58 86
0.978493 128.969 72 107
0.97902 146.997 82 122
0.979279 157.813 88 131
0.976182 167.8 94 139
0.975661 194.427 109 161
1.04202 103.078 52 89
1.04495 129.495 65 112
1.04321 146.986 74 127
1.04227 158.647 80 137
1.04272 166.709 84 144
1.04677 177.868 89 154
1.04428 185.065 93 160
1.04717 193.992 97 168
1.0445 242.866 122 210
1.12014 103.315 45 93
1.12104 128.81 56 116
1.11934 146.697 64 132
1.12123 158.777 69 143
1.11787 166.82 73 150
1.12226 177.564 77 160
1.11891 190.079 83 171
1.12104 193.215 84 174
1.11973 213.338 93 192
1.19389 103.247 38 96
1.19029 129.244 48 120
1.18903 147.628 55 137
1.18912 158.398 59 147
1.19029 166.94 62 155
1.19029 177.71 66 165
1.18929 185.324 69 172
1.19029 193.866 72 180
1.19029 210.021 78 195
1.25518 103.092 32 98
1.25397 128.39 40 122
1.25334 147.363 46 140
1.25506 157.801 49 150
1.25285 166.337 52 158
1.25616 177.725 55 169
1.25759 185 57 176
1.25558 193.536 60 184
1.32582 103.078 25 100
1.3277 128.787 31 125
1.32913 146.25 35 142
1.32888 158.619 38 154
1.32872 166.865 40 162
1.32582 177.294 43 172
1.32582 193.786 47 188
1.40565 103.407 17 102
1.39927 128.891 22 127
1.3989 146.154 25 144
1.39942 158.319 27 156
1.4017 166.373 28 164
1.40102 177.553 30 175
1.39675 184.792 32 182
1.39612 189.889 33 187
1.39971 193.83 33 191
1.4644 103.586 11 103
1.46958 128.658 13 128
1.46842 146.769 15 146
1.46924 157.813 16 157
1.46813 165.873 17 165
1.46888 176.918 18 176
1.4679 184.978 19 184
1.467 193.039 20 192
1.46406 197.122 21 196
1.54168 103.044 3 103
1.5398 129.062 4 129
1.53656 146.086 5 146
1.53916 158.079 5 158
1.54068 166.075 5 166
1.53691 177.102 6 177
1.53838 185.097 6 185
1.53972 193.093 6 193
1.60961 103.078 -4 103
1.60954 129.097 -5 129
1.61187 146.123 -6 146
1.60875 158.114 -6 158
1.60693 166.108 -6 166
1.61032 177.138 -7 177
1.60862 185.132 -7 185
1.60705 193.127 -7 193
1.68791 102.703 -12 102
1.67974 128.763 -14 128
1.6807 145.88 -16 145
1.67866 157.918 -17 157
1.67946 165.979 -18 165
1.67833 177.023 -19 176
1.67907 185.084 -20 184
1.68145 190.163 -21 189
1.67974 193.145 -21 192
1.74716 102.591 -18 101
1.74996 129.066 -23 127
1.74943 146.328 -26 144
1.74839 158.493 -28 156
1.74582 166.544 -29 164
1.74612 177.725 -31 175
1.75017 184.968 -33 182
1.75065 190.066 -34 187
1.74787 193.018 -34 190
1.82516 103.325 -26 100
1.82141 129.031 -32 125
1.81909 146.492 -36 142
1.82038 157.892 -39 153
1.82015 166.138 -41 161
1.82124 177.539 -44 172
1.81709 184.57 -45 179
1.82088 189.908 -47 184
1.81703 192.816 -47 187
1.89872 102.46 -33 97
1.895 128.705 -41 122
1.89039 146.414 -46 139
1.89255 158.114 -50 150
1.89444 166.652 -53 158
1.89255 177.088 -56 168
1.89083 184.361 -58 175
1.89255 189.737 -60 180
1.89092 193.848 -61 184
1.96034 102.694 -39 95
1.9614 128.693 -49 119
1.9551 146.7 -55 136
1.96071 157.848 -60 146
1.95912 166.388 -63 154
1.95864 177.158 -67 164
1.95934 184.773 -70 171
1.95803 193.313 -73 179
1.95832 211.698 -80 196
2.17455 105.683 -60 87
2.16746 128.141 -72 106
2.16639 146.168 -82 121
2.16756 158.373 -89 131
2.16877 166.973 -94 138
2.16816 177.789 -100 147
2.16779 185 -104 153
2.16902 189.995 -107 157
2.16883 193.6 -109 160
2.16671 210.238 -118 174
2.23949 103.233 -64 81
2.23458 128.226 -79 101
2.23484 146.031 -90 115
2.2357 158.836 -98 125
2.2371 166.643 -103 131
2.23677 178.045 -110 140
2.23502 193.041 -119 152
2.30796 102.65 -69 76
2.30651 128.144 -86 95
2.30815 147.248 -99 109
2.30691 157.877 -106 117
2.30942 166.352 -112 123
2.30643 184.784 -124 137
2.30861 193.259 -130 143
2.3064 213.103 -143 158
2.37688 102.552 -74 71
2.37259 129.418 -93 90
2.37542 147.105 -106 102
2.37405 158.417 -114 110
2.37314 166.901 -120 116
2.37611 177.519 -128 123
2.37535 184.589 -133 128
2.37451 193.073 -139 134
2.45179 103.711 -80 66
2.44882 129.958 -100 83
2.44773 146.986 -113 94
2.45009 158.382 -122 101
2.44994 166.193 -128 106
2.44824 184.629 -142 118
2.44685 195.256 -150 125
2.52927 102.65 -84 59
2.52134 129.035 -105 75
2.51977 147.635 -120 86
2.52208 158.446 -129 92
2.51855 166.235 -135 97
2.52069 177.045 -144 103
2.51757 184.835 -150 108
2.51706 189.834 -154 111
2.51774 193.437 -157 113
2.5861 102.396 -87 54
2.58382 128.472 -109 68
2.5859 145.962 -124 77
2.58165 158.152 -134 84
2.58363 166.208 -141 88
2.58478 177.868 -151 94
2.58357 185.076 -157 98
2.58579 189.528 -161 100
2.58519 193.132 -164 102
2.58461 196.736 -167 104
2.58543 217.83 -185 115
2.66071 103.769 -92 48
2.66401 128.363 -114 59
2.65965 146.711 -130 68
2.66095 157.889 -140 73
2.65908 165.946 -147 77
2.66027 177.124 -157 82
2.65862 185.181 -164 86
2.65908 189.652 -168 88
2.65711 193.238 -171 90
2.73416 103.47 -95 41
2.72652 128.95 -118 52
2.72684 146.414 -134 59
2.72593 158.496 -145 64
2.72642 166.111 -152 67
2.72853 176.876 -162 71
2.72392 184.895 -169 75
2.72652 193.424 -177 78
2.79531 103.121 -97 35
2.79282 128.752 -121 44
2.79399 146.779 -138 50
2.79174 157.544 -148 54
2.79695 165.747 -156 56
2.79667 177.451 -167 60
2.79644 189.156 -178 64
2.7937 193.598 -182 66
2.86858 103.846 -100 28
2.86649 128.845 -124 35
2.86517 146.564 -141 40
2.8659 157.965 -152 43
2.86743 166.208 -160 45
2.86793 177.609 -171 48
2.86775 184.889 -178 50
2.86329 189.283 -182 52
2.864 193.404 -186 53
2.93659 103.16 -101 21
2.9381 128.655 -126 26
2.9348 146.113 -143 30
2.93182 158.474 -155 33
2.93595 166.508 -163 34
2.93643 176.706 -173 36
2.93354 183.967 -180 38
2.93382 189.066 -185 39
2.93303 193.186 -189 40
3.00519 102.956 -102 14
3.00955 129.124 -128 17
3.00453 146.373 -145 20
3.00778 157.407 -156 21
3.00824 165.469 -164 22
3.0053 176.638 -175 24
3.00582 184.7 -183 25
3.0063 192.762 -191 26
3.08341 103.175 -103 6
3.07966 129.248 -129 8
3.07321 146.342 -146 10
3.07839 158.316 -158 10
3.07542 166.364 -166 11
3.07352 176.409 -176 12
3.07647 184.391 -184 12
3.07292 189.447 -189 13
3.07399 192.44 -192 13
3.14159 104 -104 0
3.14159 129 -129 0
3.14159 146 -146 0
3.14159 158 -158 0
3.14159 166 -166 0
3.14159 177 -177 0
3.14159 184 -184 0
3.14159 189 -189 0
3.14159 193 -193 0
-3.07374 103.238 -103 -7
-3.07194 129.314 -129 -9
-3.06639 146.414 -146 -11
-3.07164 157.385 -157 -11
-3.06899 165.436 -165 -12
-3.06786 176.479 -176 -13
-3.07106 184.459 -184 -13
-3.0688 192.51 -192 -14
-2.99698 104.087 -103 -15
-3.00188 129.259 -128 -18
-2.99777 146.513 -145 -21
-3.00149 157.544 -156 -22
-3.00226 165.605 -164 -23
-2.9997 176.777 -175 -25
-2.9997 183.848 -182 -26
-2.9982 188.939 -187 -27
-3.00116 192.899 -191 -27
-2.92712 103.368 -101 -22
-2.9305 128.86 -126 -27
-2.92811 146.322 -143 -31
-2.9305 157.496 -154 -33
-2.92881 165.738 -162 -35
-2.93089 176.912 -173 -37
-2.92822 184.177 -180 -39
-2.92687 192.419 -188 -41
-2.85934 104.12 -100 -29
-2.85904 129.12 -124 -36
-2.85862 146.84 -141 -41
-2.85982 158.24 -152 -44
-2.85997 165.52 -159 -46
-2.86096 176.921 -170 -49
-2.86106 184.201 -177 -51
-2.86258 192.442 -185 -53
-2.78955 104.403 -98 -36
-2.78822 130.035 -122 -45
-2.7876 147.122 -138 -51
-2.78579 157.889 -148 -55
-2.79128 166.087 -156 -57
-2.78944 176.853 -166 -61
-2.78726 184.459 -173 -64
-2.79147 189.497 -178 -65
-2.79193 192.658 -181 -66
-2.72532 103.87 -95 -42
-2.71944 129.356 -118 -53
-2.7206 146.82 -134 -60
-2.72337 157.582 -144 -64
-2.72093 166.517 -152 -68
-2.72337 177.279 -162 -72
-2.72171 183.981 -168 -75
-2.72283 189.362 -173 -77
-2.71968 192.917 -176 -79
-2.6522 104.235 -92 -49
-2.65389 130.177 -115 -61
-2.65363 147.177 -130 -69
-2.65535 158.354 -140 -74
-2.65376 166.412 -147 -78
-2.65528 177.589 -157 -83
-2.65132 184.765 -163 -87
-2.65255 193.706 -171 -91
-2.65137 218.765 -193 -103
-2.57486 104.307 -88 -56
-2.58136 129.85 -110 -69
-2.57798 147.872 -125 -79
-2.58165 158.152 -134 -84
-2.57854 166.739 -141 -89
-2.5818 177.02 -150 -94
-2.58069 184.228 -156 -98
-2.57919 195.041 -165 -104
-2.52134 103.228 -84 -60
-2.51507 129.619 -105 -76
-2.51428 148.219 -120 -87
-2.51839 157.632 -128 -92
-2.51855 166.235 -135 -97
-2.51611 177.629 -144 -104
-2.51757 184.835 -150 -108
-2.51657 194.833 -158 -114
-2.4444 104.35 -80 -67
-2.44293 130.599 -100 -84
-2.44252 147.628 -113 -95
-2.44524 159.022 -122 -102
-2.44532 166.832 -128 -107
-2.44397 177.46 -136 -114
-2.4442 193.08 -148 -124
-2.44566 213.694 -164 -137
-2.36971 104.661 -75 -73
-2.37241 130.832 -94 -91
-2.37055 147.801 -106 -103
-2.36953 159.113 -114 -111
-2.37314 166.901 -120 -116
-2.37112 189.526 -136 -132
-2.37069 195.182 -140 -136
-2.30219 104.805 -70 -78
-2.30705 129.557 -87 -96
-2.30361 147.99 -99 -110
-2.30267 158.619 -106 -118
-2.30539 167.093 -112 -124
-2.30445 177.722 -119 -132
-2.3024 184.114 -123 -137
-2.23353 104.019 -64 -82
-2.2359 129.63 -80 -102
-2.236 147.435 -91 -116
-2.2357 158.836 -98 -125
-2.23237 166.027 -102 -131
-2.23233 177.429 -109 -140
-2.23502 193.041 -119 -152
-2.23362 196.637 -121 -155
-1.95308 104.547 -39 -97
-1.95847 129.619 -49 -120
-1.9551 146.7 -55 -136
-1.95832 158.773 -60 -147
-1.95354 166.012 -62 -154
-1.95864 177.158 -67 -164
-1.95432 184.396 -69 -171
-1.95622 188.854 -71 -175
-1.95803 193.313 -73 -179
-1.95697 196.469 -74 -182
-1.89255 104.355 -33 -99
-1.89255 129.653 -41 -123
-1.88826 147.363 -46 -140
-1.89255 158.114 -50 -150
-1.88874 166.337 -52 -158
-1.89255 177.088 -56 -168
-1.89083 184.361 -58 -175
-1.88762 192.585 -60 -183
-1.82038 105.262 -26 -102
-1.81951 130 -32 -126
-1.81742 147.462 -36 -143
-1.81883 158.862 -39 -154
-1.82015 166.138 -41 -161
-1.81577 177.294 -43 -172
-1.81709 184.57 -45 -179
-1.81703 192.816 -47 -187
-1.81825 195.969 -48 -190
-1.74381 104.561 -18 -103
-1.74859 130.05 -23 -128
-1.74822 147.313 -26 -145
-1.74839 158.493 -28 -156
-1.74582 166.544 -29 -164
-1.74484 184.792 -32 -182
-1.74639 188.905 -33 -186
-1.74787 193.018 -34 -190
-1.74517 195.972 -34 -193
-1.68567 104.69 -12 -104
-1.6789 129.757 -14 -129
-1.67995 146.874 -16 -146
-1.67866 157.918 -17 -157
-1.67946 165.979 -18 -165
-1.67833 177.023 -19 -176
-1.67965 184.09 -20 -183
-1.68204 189.169 -21 -188
-1.6803 192.151 -21 -191
-1.67808 196.128 -21 -195
-1.68093 209.268 -23 -208
-1.60887 105.076 -4 -105
-1.60924 130.096 -5 -130
-1.61159 147.122 -6 -147
-1.60875 158.114 -6 -158
-1.60693 166.108 -6 -166
-1.61032 177.138 -7 -177
-1.60882 184.133 -7 -184
-1.60782 189.13 -7 -189
-1.60724 192.128 -7 -192
-1.6065 196.125 -7 -196
-1.54223 105.043 3 -105
-1.54004 130.062 4 -130
-1.5368 147.085 5 -147
-1.53936 159.079 5 -159
-1.54087 167.075 5 -167
-1.53691 177.102 6 -177
-1.5382 184.098 6 -184
-1.53906 189.095 6 -189
-1.53972 193.093 6 -193
-1.46542 104.58 11 -104
-1.46352 130.752 14 -130
-1.46911 147.763 15 -147
-1.46987 158.808 16 -158
-1.46874 166.868 17 -166
-1.46888 176.918 18 -176
-1.46734 183.984 19 -183
-1.46481 189.061 20 -188
-1.467 193.039 20 -192
-1.39942 105.546 18 -104
-1.40058 129.877 22 -128
-1.40006 147.139 25 -145
-1.39942 158.319 27 -156
-1.4017 166.373 28 -164
-1.40102 177.553 30 -175
-1.40209 184.621 31 -182
-1.39883 192.844 33 -190
-1.33044 105.019 25 -102
-1.33138 130.729 31 -127
-1.33076 147.221 35 -143
-1.32888 158.619 38 -154
-1.32872 166.865 40 -162
-1.3313 177.054 42 -172
-1.32977 184.329 44 -179
-1.33094 189.423 45 -184
-1.3296 192.575 46 -187
-1.26109 104.995 32 -100
-1.25875 130.292 40 -124
-1.2598 147.054 45 -140
-1.25701 158.751 49 -151
-1.25472 167.287 52 -159
-1.25616 177.725 55 -169
-1.25759 185 57 -176
-1.25558 193.536 60 -184
-1.25548 196.698 61 -187
-1.19205 105.475 39 -98
-1.19314 130.173 48 -121
-1.18903 147.628 55 -137
-1.19146 159.327 59 -148
-1.19029 166.94 62 -155
-1.19029 177.71 66 -165
-1.19225 189.41 70 -176
-1.18837 192.938 72 -179
-1.12842 105.119 45 -95
-1.12439 129.711 56 -117
-1.1223 147.597 64 -133
-1.12123 158.777 69 -143
-1.12328 166.385 72 -150
-1.12226 177.564 77 -160
-1.12171 184.272 80 -166
-1.12104 193.215 84 -174
-1.12309 196.352 85 -177
-1.04341 105.309 53 -91
-1.0488 130.361 65 -113
-1.04662 147.851 74 -128
-1.04543 159.512 80 -138
-1.04573 167.574 84 -145
-1.04677 177.868 89 -154
-1.0453 195.359 98 -169
-0.982794 104.561 58 -87
-0.982794 129.8 72 -108
-0.982794 147.828 82 -123
-0.977567 159.201 89 -132
-0.981135 167.242 93 -139
-0.981236 178.059 99 -148
-0.981297 185.27 103 -154
-0.978532 195.256 109 -162
-0.978893 213.284 119 -177
-0.913937 104.809 64 -83
-0.910426 130.419 80 -103
-0.909753 148.223 91 -117
-0.909753 159.625 98 -126
-0.912908 166.817 102 -132
-0.912706 178.219 109 -141
-0.912128 184.621 113 -146
-0.908855 195.233 120 -154
-0.845728 105.551 70 -79
-0.83911 131.712 88 -98
-0.842479 148.735 99 -111
-0.838446 160.031 107 -119
-0.840196 167.836 112 -125
-0.838783 185.526 124 -138
-0.840288 193.331 129 -144
-0.778687 105.361 75 -74
-0.774646 131.529 94 -92
-0.775875 148.499 106 -104
-0.772066 159.113 114 -111
-0.772741 167.598 120 -117
-0.770474 189.526 136 -132
-0.770801 193.768 139 -135
-0.69837 105.759 81 -68
-0.69866 130.599 100 -84
-0.699075 147.628 113 -95
-0.701154 159.665 122 -103
-0.700854 167.475 128 -108
-0.697624 177.46 136 -114
-0.699468 189.497 145 -122
-0.701348 193.724 148 -125
-0.699281 197.307 151 -127
-0.630194 105.209 85 -62
-0.626527 129.619 105 -76
-0.625792 146.823 119 -86
-0.629718 159.615 129 -94
-0.627915 166.82 135 -98
-0.630034 178.216 144 -105
-0.629173 195.42 158 -115
-0.628796 217.624 176 -128
-0.566729 104.307 88 -56
-0.566729 130.384 110 -70
-0.563617 147.872 125 -79
-0.565279 158.685 134 -85
-0.563049 166.739 141 -89
-0.56157 178.398 151 -95
-0.560789 193.662 164 -103
-0.489393 104.235 92 -49
-0.487698 130.177 115 -61
-0.487959 147.177 130 -69
-0.491809 158.824 140 -75
-0.490308 167.765 148 -79
-0.491279 178.059 157 -84
-0.490276 184.765 163 -87
-0.489046 193.706 171 -91
-0.42112 105.19 96 -43
-0.419004 130.269 119 -53
-0.420991 146.82 134 -60
-0.421419 158.902 145 -65
-0.423669 167.839 153 -69
-0.423367 177.688 162 -73
-0.422608 185.302 169 -76
-0.423575 189.771 173 -78
-0.421909 192.917 176 -79
-0.361005 104.752 98 -37
-0.35337 130.035 122 -45
-0.353997 147.122 138 -51
-0.353612 158.827 149 -55
-0.353876 167.371 157 -58
-0.355486 178.138 167 -62
-0.352458 185.397 174 -64
-0.355072 189.842 178 -66
-0.352736 193.941 182 -67
-0.352239 197.101 185 -68
-0.282257 104.12 100 -29
-0.280412 130.081 125 -36
-0.282977 146.84 141 -41
-0.280025 159.201 153 -44
-0.27995 166.481 160 -46
-0.284468 178.16 171 -50
-0.283372 189.56 182 -53
-0.282555 193.68 186 -54
-0.283184 196.84 189 -55
-0.221781 104.561 102 -23
-0.217001 130.05 127 -28
-0.212042 147.299 144 -31
-0.215935 158.685 155 -34
-0.211512 166.715 163 -35
-0.215015 178.101 174 -38
-0.212225 185.154 181 -39
-0.213621 193.396 189 -41
-0.144614 104.087 103 -15
-0.146235 130.392 129 -19
-0.142856 147.503 146 -21
-0.145462 158.676 157 -23
-0.144442 166.736 165 -24
-0.141102 177.767 176 -25
-0.141132 184.838 183 -26
-0.142642 189.929 188 -27
-0.144812 194.031 192 -28
-0.142615 197 195 -28
0.135094 103.947 103 14
0.13864 130.25 129 18
0.137066 146.373 145 20
0.139221 158.534 157 22
0.138501 166.595 165 23
0.135528 177.629 176 24
0.135772 184.7 183 25
0.135294 192.762 191 26
0.205 103.16 101 21
0.20948 129.838 127 27
0.205395 147.092 144 30
0.209771 158.474 155 33
0.20564 166.508 163 34
0.206939 184.946 181 38
0.207769 189.066 185 39
0.208563 193.186 189 40
0.210382 196.329 192 41
0.273009 103.846 100 28
0.273009 129.808 125 35
0.276425 146.564 141 40
0.275691 157.965 152 43
0.274167 166.208 160 45
0.279072 177.882 171 49
0.279041 185.162 178 51
0.2783 189.283 182 52
0.277589 193.404 186 53
0.2783 196.563 189 54
0.346286 103.121 97 35
0.348771 128.752 121 44
0.347607 146.779 138 50
0.347693 158.483 149 54
0.348259 167.027 157 57
0.350213 177.792 167 61
0.347386 185.054 174 63
0.350124 189.497 178 65
0.347888 193.598 182 66
0.347468 196.759 185 67
0.416269 103.87 95 42
0.41197 129.865 119 52
0.414757 146.414 134 59
0.415662 158.496 145 64
0.418224 167.431 153 68
0.415945 178.194 163 72
0.417675 184.895 169 75
0.415075 193.424 177 78
0.418224 196.977 180 80
0.480887 103.769 92 48
0.480887 129.711 115 60
0.481938 146.711 130 68
0.486243 158.354 140 74
0.485035 167.296 148 78
0.486314 177.589 157 83
0.487173 190.118 168 89
0.484478 193.238 171 90
0.558599 103.774 88 55
0.560232 129.85 110 69
0.55788 147.34 125 78
0.561922 159.531 135 85
0.557962 166.208 141 88
0.558027 185.076 157 98
0.560272 190.058 161 101
0.560789 193.662 164 103
0.561286 197.266 167 105
0.620249 103.228 84 60
0.620249 129.035 105 75
0.625792 146.823 119 86
0.624635 159.028 129 93
0.623047 166.235 135 97
0.625485 177.629 144 104
0.623855 193.437 157 113
0.623199 197.041 160 115
0.697192 104.35 80 67
0.692768 129.958 100 83
0.693867 146.986 113 94
0.696349 159.022 122 102
0.696273 166.832 128 107
0.697503 185.27 142 119
0.696084 190.263 146 122
0.69866 195.898 150 126
0.695937 213.694 164 137
0.7717 103.247 74 72
0.769183 130.832 94 91
0.771045 147.801 106 103
0.772066 159.113 114 111
0.768451 166.901 120 116
0.769526 178.213 128 124
0.770132 185.284 133 129
0.770801 193.768 139 135
0.840138 103.392 69 77
0.840288 128.888 86 96
0.837981 147.99 99 110
0.838918 158.619 106 118
0.836202 167.093 112 124
0.837145 177.722 119 132
0.838783 185.526 124 138
0.836449 194 130 144
0.908067 104.019 64 82
0.911793 129.016 79 102
0.910948 146.82 90 116
0.910862 158.221 97 125
0.908182 167.431 103 132
0.907859 185.235 114 146
0.90837 190.234 117 150
0.909753 193.83 119 153
0.977446 103.73 58 86
0.978493 128.969 72 107
0.97902 146.997 82 122
0.979279 157.813 88 131
0.976182 167.8 94 139
0.975661 194.427 109 161
1.04202 103.078 52 89
1.04495 129.495 65 112
1.04321 146.986 74 127
1.04227 158.647 80 137
1.04272 166.709 84 144
1.04677 177.868 89 154
1.04428 185.065 93 160
1.04717 193.992 97 168
1.0445 242.866 122 210
1.12014 103.315 45 93
1.12104 128.81 56 116
1.11934 146.697 64 132
1.12123 158.777 69 143
1.11787 166.82 73 150
1.12226 177.564 77 160
1.11891 190.079 83 171
1.12104 193.215 84 174
1.11973 213.338 93 192
1.19389 103.247 38 96
1.19029 129.244 48 120
1.18903 147.628 55 137
1.18912 158.398 59 147
1.19029 166.94 62 155
1.19029 177.71 66 165
1.18929 185.324 69 172
1.19029 193.866 72 180
1.19029 210.021 78 195
1.25518 103.092 32 98
1.25397 128.39 40 122
1.25334 147.363 46 140
1.25506 157.801 49 150
1.25285 166.337 52 158
1.25616 177.725 55 169
1.25759 185 57 176
1.25558 193.536 60 184
1.32582 103.078 25 100
1.3277 128.787 31 125
1.32913 146.25 35 142
1.32888 158.619 38 154
1.32872 166.865 40 162
1.32582 177.294 43 172
1.32582 193.786 47 188
1.40565 103.407 17 102
1.39927 128.891 22 127
1.3989 146.154 25 144
1.39942 158.319 27 156
1.4017 166.373 28 164
1.40102 177.553 30 175
1.39675 184.792 32 182
1.39612 189.889 33 187
1.39971 193.83 33 191
1.4644 103.586 11 103
1.46958 128.658 13 128
1.46842 146.769 15 146
1.46924 157.813 16 157
1.46813 165.873 17 165
1.46888 176.918 18 176
1.4679 184.978 19 184
1.467 193.039 20 192
1.46406 197.122 21 196
1.54168 103.044 3 103
1.5398 129.062 4 129
1.53656 146.086 5 146
1.53916 158.079 5 158
1.54068 166.075 5 166
1.53691 177.102 6 177
1.53838 185.097 6 185
1.53972 193.093 6 193
1.60961 103.078 -4 103
1.60954 129.097 -5 129
1.61187 146.123 -6 146
1.60875 158.114 -6 158
1.60693 166.108 -6 166
1.61032 177.138 -7 177
1.60862 185.132 -7 185
1.60705 193.127 -7 193
1.68791 102.703 -12 102
1.67974 128.763 -14 128
1.6807 145.88 -16 145
1.67866 157.918 -17 157
1.67946 165.979 -18 165
1.67833 177.023 -19 176
1.67907 185.084 -20 184
1.68145 190.163 -21 189
1.67974 193.145 -21 192
1.74716 102.591 -18 101
1.74996 129.066 -23 127
1.74943 146.328 -26 144
1.74839 158.493 -28 156
1.74582 166.544 -29 164
1.74612 177.725 -31 175
1.75017 184.968 -33 182
1.75065 190.066 -34 187
1.74787 193.018 -34 190
1.82516 103.325 -26 100
1.82141 129.031 -32 125
1.81909 146.492 -36 142
1.82038 157.892 -39 153
1.82015 166.138 -41 161
1.82124 177.539 -44 172
1.81709 184.57 -45 179
1.82088 189.908 -47 184
1.81703 192.816 -47 187
1.89872 102.46 -33 97
1.895 128.705 -41 122
1.89039 146.414 -46 139
1.89255 158.114 -50 150
1.89444 166.652 -53 158
1.89255 177.088 -56 168
1.89083 184.361 -58 175
1.89255 189.737 -60 180
1.89092 193.848 -61 184
1.96034 102.694 -39 95
1.9614 128.693 -49 119
1.9551 146.7 -55 136
1.96071 157.848 -60 146
1.95912 166.388 -63 154
1.95864 177.158 -67 164
1.95934 184.773 -70 171
1.95803 193.313 -73 179
1.95832 211.698 -80 196
2.17455 105.683 -60 87
2.16746 128.141 -72 106
2.16639 146.168 -82 121
2.16756 158.373 -89 131
2.16877 166.973 -94 138
2.16816 177.789 -100 147
2.16779 185 -104 153
2.16902 189.995 -107 157
2.16883 193.6 -109 160
2.16671 210.238 -118 174
2.23949 103.233 -64 81
2.23458 128.226 -79 101
2.23484 146.031 -90 115
2.2357 158.836 -98 125
2.2371 166.643 -103 131
2.23677 178.045 -110 140
2.23502 193.041 -119 152
2.30796 102.65 -69 76
2.30651 128.144 -86 95
2.30815 147.248 -99 109
2.30691 157.877 -106 117
2.30942 166.352 -112 123
2.30643 184.784 -124 137
2.30861 193.259 -130 143
2.3064 213.103 -143 158
2.37688 102.552 -74 71
2.37259 129.418 -93 90
2.37542 147.105 -106 102
2.37405 158.417 -114 110
2.37314 166.901 -120 116
2.37611 177.519 -128 123
2.37535 184.589 -133 128
2.37451 193.073 -139 134
2.45179 103.711 -80 66
2.44882 129.958 -100 83
2.44773 146.986 -113 94
2.45009 158.382 -122 101
2.44994 166.193 -128 106
2.44824 184.629 -142 118
2.44685 195.256 -150 125
2.52927 102.65 -84 59
2.52134 129.035 -105 75
2.51977 147.635 -120 86
2.52208 158.446 -129 92
2.51855 166.235 -135 97
2.52069 177.045 -144 103
2.51757 184.835 -150 108
2.51706 189.834 -154 111
2.51774 193.437 -157 113
2.5861 102.396 -87 54
2.58382 128.472 -109 68
2.5859 145.962 -124 77
2.58165 158.152 -134 84
2.58363 166.208 -141 88
2.58478 177.868 -151 94
2.58357 185.076 -157 98
2.58579 189.528 -161 100
2.58519 193.132 -164 102
2.58461 196.736 -167 104
2.58543 217.83 -185 115
2.66071 103.769 -92 48
2.66401 128.363 -114 59
2.65965 146.711 -130 68
2.66095 157.889 -140 73
2.65908 165.946 -147 77
2.66027 177.124 -157 82
2.65862 185.181 -164 86
2.65908 189.652 -168 88
2.65711 193.238 -171 90
2.73416 103.47 -95 41
2.72652 128.95 -118 52
2.72684 146.414 -134 59
2.72593 158.496 -145 64
2.72642 166.111 -152 67
2.72853 176.876 -162 71
2.72392 184.895 -169 75
2.72652 193.424 -177 78
2.79531 103.121 -97 35
2.79282 128.752 -121 44
2.79399 146.779 -138 50
2.79174 157.544 -148 54
2.79695 165.747 -156 56
2.79667 177.451 -167 60
2.79644 189.156 -178 64
2.7937 193.598 -182 66
2.86858 103.846 -100 28
2.86649 128.845 -124 35
2.86517 146.564 -141 40
2.8659 157.965 -152 43
2.86743 166.208 -160 45
2.86793 177.609 -171 48
2.86775 184.889 -178 50
2.86329 189.283 -182 52
2.864 193.404 -186 53
2.93659 103.16 -101 21
2.9381 128.655 -126 26
2.9348 146.113 -143 30
2.93182 158.474 -155 33
2.93595 166.508 -163 34
2.93643 176.706 -173 36
2.93354 183.967 -180 38
2.93382 189.066 -185 39
2.93303 193.186 -189 40
3.00519 102.956 -102 14
3.00955 129.124 -128 17
3.00453 146.373 -145 20
3.00778 157.407 -156 21
3.00824 165.469 -164 22
3.0053 176.638 -175 24
3.00582 184.7 -183 25
3.0063 192.762 -191 26
3.08341 103.175 -103 6
3.07966 129.248 -129 8
3.07321 146.342 -146 10
3.07839 158.316 -158 10
3.07542 166.364 -166 11
3.07352 176.409 -176 12
3.07647 184.391 -184 12
3.07292 189.447 -189 13
3.07399 192.44 -192 13
3.14159 104 -104 0
3.14159 129 -129 0
3.14159 146 -146 0
3.14159 158 -158 0
3.14159 166 -166 0
3.14159 177 -177 0
3.14159 184 -184 0
3.14159 189 -189 0
3.14159 193 -193 0
-3.07374 103.238 -103 -7
-3.07194 129.314 -129 -9
-3.06639 146.414 -146 -11
-3.07164 157.385 -157 -11
-3.06899 165.436 -165 -12
-3.06786 176.479 -176 -13
-3.07106 184.459 -184 -13
-3.0688 192.51 -192 -14
-2.99698 104.087 -103 -15
-3.00188 129.259 -128 -18
-2.99777 146.513 -145 -21
-3.00149 157.544 -156 -22
-3.00226 165.605 -164 -23
-2.9997 176.777 -175 -25
-2.9997 183.848 -182 -26
-2.9982 188.939 -187 -27
-3.00116 192.899 -191 -27
-2.92712 103.368 -101 -22
-2.9305 128.86 -126 -27
-2.92811 146.322 -143 -31
-2.9305 157.496 -154 -33
-2.92881 165.738 -162 -35
-2.93089 176.912 -173 -37
-2.92822 184.177 -180 -39
-2.92687 192.419 -188 -41
-2.85934 104.12 -100 -29
-2.85904 129.12 -124 -36
-2.85862 146.84 -141 -41
-2.85982 158.24 -152 -44
-2.85997 165.52 -159 -46
-2.86096 176.921 -170 -49
-2.86106 184.201 -177 -51
-2.86258 192.442 -185 -53
-2.78955 104.403 -98 -36
-2.78822 130.035 -122 -45
-2.7876 147.122 -138 -51
-2.78579 157.889 -148 -55
-2.79128 166.087 -156 -57
-2.78944 176.853 -166 -61
-2.78726 184.459 -173 -64
-2.79147 189.497 -178 -65
-2.79193 192.658 -181 -66
-2.72532 103.87 -95 -42
-2.71944 129.356 -118 -53
-2.7206 146.82 -134 -60
-2.72337 157.582 -144 -64
-2.72093 166.517 -152 -68
-2.72337 177.279 -162 -72
-2.72171 183.981 -168 -75
-2.72283 189.362 -173 -77
-2.71968 192.917 -176 -79
-2.6522 104.235 -92 -49
-2.65389 130.177 -115 -61
-2.65363 147.177 -130 -69
-2.65535 158.354 -140 -74
-2.65376 166.412 -147 -78
-2.65528 177.589 -157 -83
-2.65132 184.765 -163 -87
-2.65255 193.706 -171 -91
-2.65137 218.765 -193 -103
-2.57486 104.307 -88 -56
-2.58136 129.85 -110 -69
-2.57798 147.872 -125 -79
-2.58165 158.152 -134 -84
-2.57854 166.739 -141 -89
-2.5818 177.02 -150 -94
-2.58069 184.228 -156 -98
-2.57919 195.041 -165 -104
-2.52134 103.228 -84 -60
-2.51507 129.619 -105 -76
-2.51428 148.219 -120 -87
-2.51839 157.632 -128 -92
-2.51855 166.235 -135 -97
-2.51611 177.629 -144 -104
-2.51757 184.835 -150 -108
-2.51657 194.833 -158 -114
-2.4444 104.35 -80 -67
-2.44293 130.599 -100 -84
-2.44252 147.628 -113 -95
-2.44524 159.022 -122 -102
-2.44532 166.832 -128 -107
-2.44397 177.46 -136 -114
-2.4442 193.08 -148 -124
-2.44566 213.694 -164 -137
-2.36971 104.661 -75 -73
-2.37241 130.832 -94 -91
-2.37055 147.801 -106 -103
-2.36953 159.113 -114 -111
-2.37314 166.901 -120 -116
-2.37112 189.526 -136 -132
-2.37069 195.182 -140 -136
-2.30219 104.805 -70 -78
-2.30705 129.557 -87 -96
-2.30361 147.99 -99 -110
-2.30267 158.619 -106 -118
-2.30539 167.093 -112 -124
-2.30445 177.722 -119 -132
-2.3024 184.114 -123 -137
-2.23353 104.019 -64 -82
-2.2359 129.63 -80 -102
-2.236 147.435 -91 -116
-2.2357 158.836 -98 -125
-2.23237 166.027 -102 -131
-2.23233 177.429 -109 -140
-2.23502 193.041 -119 -152
-2.23362 196.637 -121 -155
-1.95308 104.547 -39 -97
-1.95847 129.619 -49 -120
-1.9551 146.7 -55 -136
-1.95832 158.773 -60 -147
-1.95354 166.012 -62 -154
-1.95864 177.158 -67 -164
-1.95432 184.396 -69 -171
-1.95622 188.854 -71 -175
-1.95803 193.313 -73 -179
-1.95697 196.469 -74 -182
-1.89255 104.355 -33 -99
-1.89255 129.653 -41 -123
-1.88826 147.363 -46 -140
-1.89255 158.114 -50 -150
-1.88874 166.337 -52 -158
-1.89255 177.088 -56 -168
-1.89083 184.361 -58 -175
-1.88762 192.585 -60 -183
-1.82038 105.262 -26 -102
-1.81951 130 -32 -126
-1.81742 147.462 -36 -143
-1.81883 158.862 -39 -154
-1.82015 166.138 -41 -161
-1.81577 177.294 -43 -172
-1.81709 184.57 -45 -179
-1.81703 192.816 -47 -187
-1.81825 195.969 -48 -190
-1.74381 104.561 -18 -103
-1.74859 130.05 -23 -128
-1.74822 147.313 -26 -145
-1.74839 158.493 -28 -156
-1.74582 166.544 -29 -164
-1.74484 184.792 -32 -182
-1.74639 188.905 -33 -186
-1.74787 193.018 -34 -190
-1.74517 195.972 -34 -193
-1.68567 104.69 -12 -104
-1.6789 129.757 -14 -129
-1.67995 146.874 -16 -146
-1.67866 157.918 -17 -157
-1.67946 165.979 -18 -165
-1.67833 177.023 -19 -176
-1.67965 184.09 -20 -183
-1.68204 189.169 -21 -188
-1.6803 192.151 -21 -191
-1.67808 196.128 -21 -195
-1.68093 209.268 -23 -208
-1.60887 105.076 -4 -105
-1.60924 130.096 -5 -130
-1.61159 147.122 -6 -147
-1.60875 158.114 -6 -158
-1.60693 166.108 -6 -166
-1.61032 177.138 -7 -177
-1.60882 184.133 -7 -184
-1.60782 189.13 -7 -189
-1.60724 192.128 -7 -192
-1.6065 196.125 -7 -196
-1.54223 105.043 3 -105
-1.54004 130.062 4 -130
-1.5368 147.085 5 -147
-1.53936 159.079 5 -159
-1.54087 167.075 5 -167
-1.53691 177.102 6 -177
-1.5382 184.098 6 -184
-1.53906 189.095 6 -189
-1.53972 193.093 6 -193
-1.46542 104.58 11 -104
-1.46352 130.752 14 -130
-1.46911 147.763 15 -147
-1.46987 158.808 16 -158
-1.46874 166.868 17 -166
-1.46888 176.918 18 -176
-1.46734 183.984 19 -183
-1.46481 189.061 20 -188
-1.467 193.039 20 -192
-1.39942 105.546 18 -104
-1.40058 129.877 22 -128
-1.40006 147.139 25 -145
-1.39942 158.319 27 -156
-1.4017 166.373 28 -164
-1.40102 177.553 30 -175
-1.40209 184.621 31 -182
-1.39883 192.844 33 -190
-1.33044 105.019 25 -102
-1.33138 130.729 31 -127
-1.33076 147.221 35 -143
-1.32888 158.619 38 -154
-1.32872 166.865 40 -162
-1.3313 177.054 42 -172
-1.32977 184.329 44 -179
-1.33094 189.423 45 -184
-1.3296 192.575 46 -187
-1.26109 104.995 32 -100
-1.25875 130.292 40 -124
-1.2598 147.054 45 -140
-1.25701 158.751 49 -151
-1.25472 167.287 52 -159
-1.25616 177.725 55 -169
-1.25759 185 57 -176
-1.25558 193.536 60 -184
-1.25548 196.698 61 -187
-1.19205 105.475 39 -98
-1.19314 130.173 48 -121
-1.18903 147.628 55 -137
-1.19146 159.327 59 -148
-1.19029 166.94 62 -155
-1.19029 177.71 66 -165
-1.19225 189.41 70 -176
-1.18837 192.938 72 -179
-1.12842 105.119 45 -95
-1.12439 129.711 56 -117
-1.1223 147.597 64 -133
-1.12123 158.777 69 -143
-1.12328 166.385 72 -150
-1.12226 177.564 77 -160
-1.12171 184.272 80 -166
-1.12104 193.215 84 -174
-1.12309 196.352 85 -177
-1.04341 105.309 53 -91
-1.0488 130.361 65 -113
-1.04662 147.851 74 -128
-1.04543 159.512 80 -138
-1.04573 167.574 84 -145
-1.04677 177.868 89 -154
-1.0453 195.359 98 -169
-0.982794 104.561 58 -87
-0.982794 129.8 72 -108
-0.982794 147.828 82 -123
-0.977567 159.201 89 -132
-0.981135 167.242 93 -139
-0.981236 178.059 99 -148
-0.981297 185.27 103 -154
-0.978532 195.256 109 -162
-0.978893 213.284 119 -177
-0.913937 104.809 64 -83
-0.910426 130.419 80 -103
-0.909753 148.223 91 -117
-0.909753 159.625 98 -126
-0.912908 166.817 102 -132
-0.912706 178.219 109 -141
-0.912128 184.621 113 -146
-0.908855 195.233 120 -154
-0.845728 105.551 70 -79
-0.83911 131.712 88 -98
-0.842479 148.735 99 -111
-0.838446 160.031 107 -119
-0.840196 167.836 112 -125
-0.838783 185.526 124 -138
-0.840288 193.331 129 -144
-0.778687 105.361 75 -74
-0.774646 131.529 94 -92
-0.775875 148.499 106 -104
-0.772066 159.113 114 -111
-0.772741 167.598 120 -117
-0.770474 189.526 136 -132
-0.770801 193.768 139 -135
-0.69837 105.759 81 -68
-0.69866 130.599 100 -84
-0.699075 147.628 113 -95
-0.701154 159.665 122 -103
-0.700854 167.475 128 -108
-0.697624 177.46 136 -114
-0.699468 189.497 145 -122
-0.701348 193.724 148 -125
-0.699281 197.307 151 -127
-0.630194 105.209 85 -62
-0.626527 129.619 105 -76
-0.625792 146.823 119 -86
-0.629718 159.615 129 -94
-0.627915 166.82 135 -98
-0.630034 178.216 144 -105
-0.629173 195.42 158 -115
-0.628796 217.624 176 -128
-0.566729 104.307 88 -56
-0.566729 130.384 110 -70
-0.563617 147.872 125 -79
-0.565279 158.685 134 -85
-0.563049 166.739 141 -89
-0.56157 178.398 151 -95
-0.560789 193.662 164 -103
-0.489393 104.235 92 -49
-0.487698 130.177 115 -61
-0.487959 147.177 130 -69
-0.491809 158.824 140 -75
-0.490308 167.765 148 -79
-0.491279 178.059 157 -84
-0.490276 184.765 163 -87
-0.489046 193.706 171 -91
-0.42112 105.19 96 -43
-0.419004 130.269 119 -53
-0.420991 146.82 134 -60
-0.421419 158.902 145 -65
-0.423669 167.839 153 -69
-0.423367 177.688 162 -73
-0.422608 185.302 169 -76
-0.423575 189.771 173 -78
-0.421909 192.917 176 -79
-0.361005 104.752 98 -37
-0.35337 130.035 122 -45
-0.353997 147.122 138 -51
-0.353612 158.827 149 -55
-0.353876 167.371 157 -58
-0.355486 178.138 167 -62
-0.352458 185.397 174 -64
-0.355072 189.842 178 -66
-0.352736 193.941 182 -67
-0.352239 197.101 185 -68
-0.282257 104.12 100 -29
-0.280412 130.081 125 -36
-0.282977 146.84 141 -41
-0.280025 159.201 153 -44
-0.27995 166.481 160 -46
-0.284468 178.16 171 -50
-0.283372 189.56 182 -53
-0.282555 193.68 186 -54
-0.283184 196.84 189 -55
-0.221781 104.561 102 -23
-0.217001 130.05 127 -28
-0.212042 147.299 144 -31
-0.215935 158.685 155 -34
-0.211512 166.715 163 -35
-0.215015 178.101 174 -38
-0.212225 185.154 181 -39
-0.213621 193.396 189 -41
-0.144614 104.087 103 -15
-0.146235 130.392 129 -19
-0.142856 147.503 146 -21
-0.145462 158.676 157 -23
-0.144442 166.736 165 -24
-0.141102 177.767 176 -25
-0.141132 184.838 183 -26
-0.142642 189.929 188 -27
-0.144812 194.031 192 -28
-0.142615 197 195 -28
