3354 2 1
130 123
1
133 124
1
133 124
1
132 125
1
132 124
1
130 127
1
130 127
1
137 118
1
140 118
1
140 119
1
142 119
1
142 119
1
139 121
1
139 122
1
135 123
1
135 124
1
133 124
1
133 124
1
147 113
1
147 113
1
149 113
1
149 113
1
148 114
1
148 115
1
147 117
1
147 119
1
142 121
1
142 122
1
135 124
1
135 124
1
130 124
1
160 107
1
160 107
1
162 108
1
162 109
1
160 109
1
160 109
1
157 112
1
157 113
1
150 116
1
150 117
1
143 119
1
143 120
1
134 124
1
134 124
1
174 101
1
174 101
1
175 102
1
175 102
1
173 103
1
173 104
1
167 108
1
167 109
1
160 112
1
160 114
1
152 116
1
152 118
1
139 123
1
139 123
1
178 96
1
178 96
1
183 98
1
183 98
1
183 97
1
183 97
1
182 99
1
182 100
1
177 102
1
177 104
1
169 107
1
169 109
1
160 112
1
160 114
1
147 121
1
147 121
1
172 96
1
191 92
1
191 92
1
192 93
1
192 93
1
190 94
1
190 94
1
190 93
1
190 94
1
187 98
1
187 100
1
178 102
1
178 103
1
168 108
1
168 110
1
155 116
1
155 116
1
182 90
1
183 88
1
192 86
1
192 84
1
192 86
1
192 86
1
192 91
1
192 91
1
192 89
1
192 90
1
191 93
1
191 95
1
182 98
1
182 100
1
172 104
1
172 105
1
159 112
1
159 112
1
191 85
1
192 82
1
192 82
1
192 82
1
192 84
1
192 84
1
192 86
1
192 86
1
192 86
1
192 86
1
192 91
1
192 93
1
187 96
1
187 97
1
177 101
1
177 102
1
165 111
1
165 111
1
147 118
1
192 83
1
192 81
1
192 82
1
192 82
1
192 81
1
192 81
1
192 83
1
192 83
1
192 84
1
192 84
1
192 87
1
192 88
1
192 92
1
192 94
1
185 97
1
185 99
1
170 108
1
170 108
1
149 118
1
149 118
1
192 79
1
192 78
1
192 81
1
192 81
1
192 81
1
192 81
1
192 83
1
192 83
1
192 86
1
192 86
1
192 87
1
192 87
1
192 89
1
192 90
1
190 96
1
190 96
1
175 104
1
175 104
1
152 116
1
152 116
1
192 76
1
192 74
1
192 76
1
192 76
1
192 77
1
192 77
1
192 79
1
192 79
1
192 79
1
192 79
1
192 84
1
192 84
1
192 89
1
192 89
1
192 96
1
192 96
1
178 102
1
178 102
1
159 114
1
159 114
1
192 76
1
192 76
1
192 74
1
192 74
1
189 77
1
192 76
1
192 77
1
191 77
1
188 82
1
192 81
1
192 82
1
192 82
1
192 88
1
192 88
1
192 94
1
192 94
1
177 101
1
177 101
1
165 111
1
192 76
1
192 76
1
192 76
1
192 76
1
192 79
1
192 79
1
192 78
1
182 82
1
185 89
1
192 87
1
192 77
1
192 77
1
192 87
1
192 87
1
192 93
1
192 93
1
182 99
1
182 99
1
160 107
1
192 69
1
192 69
1
192 72
1
192 72
1
192 74
1
192 74
1
192 77
1
188 78
1
184 79
1
192 77
1
192 76
1
192 76
1
192 84
1
192 84
1
192 89
1
192 89
1
188 96
1
188 96
1
167 106
1
192 71
1
192 71
1
192 67
1
192 67
1
192 71
1
192 71
1
192 71
1
192 71
1
192 68
1
192 68
1
192 78
1
192 78
1
192 81
1
192 81
1
192 87
1
192 87
1
192 96
1
192 96
1
188 69
1
188 68
1
192 71
1
192 71
1
192 71
1
192 71
1
192 73
1
192 73
1
192 72
1
191 72
1
192 83
1
192 83
1
192 78
1
192 78
1
192 82
1
192 82
1
192 91
1
192 91
1
170 82
1
192 68
1
188 70
1
191 72
1
192 72
1
192 69
1
192 69
1
192 76
1
190 77
1
192 82
1
192 82
1
192 76
1
192 76
1
192 79
1
192 79
1
185 99
1
185 99
1
192 69
1
189 70
1
182 74
1
192 71
1
192 74
1
191 74
1
185 81
1
186 81
1
187 79
1
192 77
1
192 74
1
192 74
1
192 81
1
192 81
1
173 107
1
172 82
1
192 69
1
190 70
1
191 81
1
189 82
1
186 83
1
182 85
1
190 79
1
192 78
1
192 81
1
192 81
1
191 93
1
191 93
1
191 72
1
191 72
1
192 77
1
191 77
1
187 79
1
190 78
1
192 76
1
192 76
1
192 86
1
192 86
1
179 89
1
179 89
1
182 87
1
182 87
1
182 88
1
182 88
1
170 98
1
170 98
1
0 0
1
130 123
1
133 124
1
133 124
1
132 125
1
132 124
1
130 127
1
130 127
1
137 118
1
140 118
1
140 119
1
142 119
1
142 119
1
139 121
1
139 122
1
135 123
1
135 124
1
133 124
1
133 124
1
147 113
1
147 113
1
149 113
1
149 113
1
148 114
1
148 115
1
147 117
1
147 119
1
142 121
1
142 122
1
135 124
1
135 124
1
130 124
1
160 107
1
160 107
1
162 108
1
162 109
1
160 109
1
160 109
1
157 112
1
157 113
1
150 116
1
150 117
1
143 119
1
143 120
1
134 124
1
134 124
1
174 101
1
174 101
1
175 102
1
175 102
1
173 103
1
173 104
1
167 108
1
167 109
1
160 112
1
160 114
1
152 116
1
152 118
1
139 123
1
139 123
1
178 96
1
178 96
1
183 98
1
183 98
1
183 97
1
183 97
1
182 99
1
182 100
1
177 102
1
177 104
1
169 107
1
169 109
1
160 112
1
160 114
1
147 121
1
147 121
1
172 96
1
191 92
1
191 92
1
192 93
1
192 93
1
190 94
1
190 94
1
190 93
1
190 94
1
187 98
1
187 100
1
178 102
1
178 103
1
168 108
1
168 110
1
155 116
1
155 116
1
182 90
1
183 88
1
192 86
1
192 84
1
192 86
1
192 86
1
192 91
1
192 91
1
192 89
1
192 90
1
191 93
1
191 95
1
182 98
1
182 100
1
172 104
1
172 105
1
159 112
1
159 112
1
191 85
1
192 82
1
192 82
1
192 82
1
192 84
1
192 84
1
192 86
1
192 86
1
192 86
1
192 86
1
192 91
1
192 93
1
187 96
1
187 97
1
177 101
1
177 102
1
165 111
1
165 111
1
147 118
1
192 83
1
192 81
1
192 82
1
192 82
1
192 81
1
192 81
1
192 83
1
192 83
1
192 84
1
192 84
1
192 87
1
192 88
1
192 92
1
192 94
1
185 97
1
185 99
1
170 108
1
170 108
1
149 118
1
149 118
1
192 79
1
192 78
1
192 81
1
192 81
1
192 81
1
192 81
1
192 83
1
192 83
1
192 86
1
192 86
1
192 87
1
192 87
1
192 89
1
192 90
1
190 96
1
190 96
1
175 104
1
175 104
1
152 116
1
152 116
1
192 76
1
192 74
1
192 76
1
192 76
1
192 77
1
192 77
1
192 79
1
192 79
1
192 79
1
192 79
1
192 84
1
192 84
1
192 89
1
192 89
1
192 96
1
192 96
1
178 102
1
178 102
1
159 114
1
159 114
1
192 76
1
192 76
1
192 74
1
192 74
1
189 77
1
192 76
1
192 77
1
191 77
1
188 82
1
192 81
1
192 82
1
192 82
1
192 88
1
192 88
1
192 94
1
192 94
1
177 101
1
177 101
1
165 111
1
192 76
1
192 76
1
192 76
1
192 76
1
192 79
1
192 79
1
192 78
1
182 82
1
185 89
1
192 87
1
192 77
1
192 77
1
192 87
1
192 87
1
192 93
1
192 93
1
182 99
1
182 99
1
160 107
1
192 69
1
192 69
1
192 72
1
192 72
1
192 74
1
192 74
1
192 77
1
188 78
1
184 79
1
192 77
1
192 76
1
192 76
1
192 84
1
192 84
1
192 89
1
192 89
1
188 96
1
188 96
1
167 106
1
192 71
1
192 71
1
192 67
1
192 67
1
192 71
1
192 71
1
192 71
1
192 71
1
192 68
1
192 68
1
192 78
1
192 78
1
192 81
1
192 81
1
192 87
1
192 87
1
192 96
1
192 96
1
188 69
1
188 68
1
192 71
1
192 71
1
192 71
1
192 71
1
192 73
1
192 73
1
192 72
1
191 72
1
192 83
1
192 83
1
192 78
1
192 78
1
192 82
1
192 82
1
192 91
1
192 91
1
170 82
1
192 68
1
188 70
1
191 72
1
192 72
1
192 69
1
192 69
1
192 76
1
190 77
1
192 82
1
192 82
1
192 76
1
192 76
1
192 79
1
192 79
1
185 99
1
185 99
1
192 69
1
189 70
1
182 74
1
192 71
1
192 74
1
191 74
1
185 81
1
186 81
1
187 79
1
192 77
1
192 74
1
192 74
1
192 81
1
192 81
1
173 107
1
172 82
1
192 69
1
190 70
1
191 81
1
189 82
1
186 83
1
182 85
1
190 79
1
192 78
1
192 81
1
192 81
1
191 93
1
191 93
1
191 72
1
191 72
1
192 77
1
191 77
1
187 79
1
190 78
1
192 76
1
192 76
1
192 86
1
192 86
1
179 89
1
179 89
1
182 87
1
182 87
1
182 88
1
182 88
1
170 98
1
170 98
1
0 0
1
1 1
0
6 1
0
11 1
0
16 1
0
21 1
0
26 1
0
31 1
0
36 1
0
41 1
0
46 1
0
51 1
0
56 1
0
61 1
0
66 1
0
71 1
0
76 1
0
81 1
0
86 1
0
91 1
0
96 1
0
101 1
0
106 1
0
111 1
0
116 1
0
121 1
0
126 1
0
131 1
0
136 1
0
141 1
0
146 1
0
151 1
0
156 1
0
161 1
0
166 1
0
171 1
0
176 1
0
181 1
0
186 1
0
191 1
0
196 1
0
201 1
0
206 1
0
211 1
0
216 1
0
221 1
0
226 1
0
231 1
0
236 1
0
241 1
0
246 1
0
251 1
0
256 1
0
1 6
0
6 6
0
11 6
0
16 6
0
21 6
0
26 6
0
31 6
0
36 6
0
41 6
0
46 6
0
51 6
0
56 6
0
61 6
0
66 6
0
71 6
0
76 6
0
81 6
0
86 6
0
91 6
0
96 6
0
101 6
0
106 6
0
111 6
0
116 6
0
121 6
0
126 6
0
131 6
0
136 6
0
141 6
0
146 6
0
151 6
0
156 6
0
161 6
0
166 6
0
171 6
0
176 6
0
181 6
0
186 6
0
191 6
0
196 6
0
201 6
0
206 6
0
211 6
0
216 6
0
221 6
0
226 6
0
231 6
0
236 6
0
241 6
0
246 6
0
251 6
0
256 6
0
1 11
0
6 11
0
11 11
0
16 11
0
21 11
0
26 11
0
31 11
0
36 11
0
41 11
0
46 11
0
51 11
0
56 11
0
61 11
0
66 11
0
71 11
0
76 11
0
81 11
0
86 11
0
91 11
0
96 11
0
101 11
0
106 11
0
111 11
0
116 11
0
121 11
0
126 11
0
131 11
0
136 11
0
141 11
0
146 11
0
151 11
0
156 11
0
161 11
0
166 11
0
171 11
0
176 11
0
181 11
0
186 11
0
191 11
0
196 11
0
201 11
0
206 11
0
211 11
0
216 11
0
221 11
0
226 11
0
231 11
0
236 11
0
241 11
0
246 11
0
251 11
0
256 11
0
1 16
0
6 16
0
11 16
0
16 16
0
21 16
0
26 16
0
31 16
0
36 16
0
41 16
0
46 16
0
51 16
0
56 16
0
61 16
0
66 16
0
71 16
0
76 16
0
81 16
0
86 16
0
91 16
0
96 16
0
101 16
0
106 16
0
111 16
0
116 16
0
121 16
0
126 16
0
131 16
0
136 16
0
141 16
0
146 16
0
151 16
0
156 16
0
161 16
0
166 16
0
171 16
0
176 16
0
181 16
0
186 16
0
191 16
0
196 16
0
201 16
0
206 16
0
211 16
0
216 16
0
221 16
0
226 16
0
231 16
0
236 16
0
241 16
0
246 16
0
251 16
0
256 16
0
1 21
0
6 21
0
11 21
0
16 21
0
21 21
0
26 21
0
31 21
0
36 21
0
41 21
0
46 21
0
51 21
0
56 21
0
61 21
0
66 21
0
71 21
0
76 21
0
81 21
0
86 21
0
91 21
0
96 21
0
101 21
0
106 21
0
111 21
0
116 21
0
121 21
0
126 21
0
131 21
0
136 21
0
141 21
0
146 21
0
151 21
0
156 21
0
161 21
0
166 21
0
171 21
0
176 21
0
181 21
0
186 21
0
191 21
0
196 21
0
201 21
0
206 21
0
211 21
0
216 21
0
221 21
0
226 21
0
231 21
0
236 21
0
241 21
0
246 21
0
251 21
0
256 21
0
1 26
0
6 26
0
11 26
0
16 26
0
21 26
0
26 26
0
31 26
0
36 26
0
41 26
0
46 26
0
51 26
0
56 26
0
61 26
0
66 26
0
71 26
0
76 26
0
81 26
0
86 26
0
91 26
0
96 26
0
101 26
0
106 26
0
111 26
0
116 26
0
121 26
0
126 26
0
131 26
0
136 26
0
141 26
0
146 26
0
151 26
0
156 26
0
161 26
0
166 26
0
171 26
0
176 26
0
181 26
0
186 26
0
191 26
0
196 26
0
201 26
0
206 26
0
211 26
0
216 26
0
221 26
0
226 26
0
231 26
0
236 26
0
241 26
0
246 26
0
251 26
0
256 26
0
1 31
0
6 31
0
11 31
0
16 31
0
21 31
0
26 31
0
31 31
0
36 31
0
41 31
0
46 31
0
51 31
0
56 31
0
61 31
0
66 31
0
71 31
0
76 31
0
81 31
0
86 31
0
91 31
0
96 31
0
101 31
0
106 31
0
111 31
0
116 31
0
121 31
0
126 31
0
131 31
0
136 31
0
141 31
0
146 31
0
151 31
0
156 31
0
161 31
0
166 31
0
171 31
0
176 31
0
181 31
0
186 31
0
191 31
0
196 31
0
201 31
0
206 31
0
211 31
0
216 31
0
221 31
0
226 31
0
231 31
0
236 31
0
241 31
0
246 31
0
251 31
0
256 31
0
1 36
0
6 36
0
11 36
0
16 36
0
21 36
0
26 36
0
31 36
0
36 36
0
41 36
0
46 36
0
51 36
0
56 36
0
61 36
0
66 36
0
71 36
0
76 36
0
81 36
0
86 36
0
91 36
0
96 36
0
101 36
0
106 36
0
111 36
0
116 36
0
121 36
0
126 36
0
131 36
0
136 36
0
141 36
0
146 36
0
151 36
0
156 36
0
161 36
0
166 36
0
171 36
0
176 36
0
181 36
0
186 36
0
191 36
0
196 36
0
201 36
0
206 36
0
211 36
0
216 36
0
221 36
0
226 36
0
231 36
0
236 36
0
241 36
0
246 36
0
251 36
0
256 36
0
1 41
0
6 41
0
11 41
0
16 41
0
21 41
0
26 41
0
31 41
0
36 41
0
41 41
0
46 41
0
51 41
0
56 41
0
61 41
0
66 41
0
71 41
0
76 41
0
81 41
0
86 41
0
91 41
0
96 41
0
101 41
0
106 41
0
111 41
0
116 41
0
121 41
0
126 41
0
131 41
0
136 41
0
141 41
0
146 41
0
151 41
0
156 41
0
161 41
0
166 41
0
171 41
0
176 41
0
181 41
0
186 41
0
191 41
0
196 41
0
201 41
0
206 41
0
211 41
0
216 41
0
221 41
0
226 41
0
231 41
0
236 41
0
241 41
0
246 41
0
251 41
0
256 41
0
1 46
0
6 46
0
11 46
0
16 46
0
21 46
0
26 46
0
31 46
0
36 46
0
41 46
0
46 46
0
51 46
0
56 46
0
61 46
0
66 46
0
71 46
0
76 46
0
81 46
0
86 46
0
91 46
0
96 46
0
101 46
0
106 46
0
111 46
0
116 46
0
121 46
0
126 46
0
131 46
0
136 46
0
141 46
0
146 46
0
151 46
0
156 46
0
161 46
0
166 46
0
171 46
0
176 46
0
181 46
0
186 46
0
191 46
0
196 46
0
201 46
0
206 46
0
211 46
0
216 46
0
221 46
0
226 46
0
231 46
0
236 46
0
241 46
0
246 46
0
251 46
0
256 46
0
1 51
0
6 51
0
11 51
0
16 51
0
21 51
0
26 51
0
31 51
0
36 51
0
41 51
0
46 51
0
51 51
0
56 51
0
61 51
0
66 51
0
71 51
0
76 51
0
81 51
0
86 51
0
91 51
0
96 51
0
101 51
0
106 51
0
111 51
0
116 51
0
121 51
0
126 51
0
131 51
0
136 51
0
141 51
0
146 51
0
151 51
0
156 51
0
161 51
0
166 51
0
171 51
0
176 51
0
181 51
0
186 51
0
191 51
0
196 51
0
201 51
0
206 51
0
211 51
0
216 51
0
221 51
0
226 51
0
231 51
0
236 51
0
241 51
0
246 51
0
251 51
0
256 51
0
1 56
0
6 56
0
11 56
0
16 56
0
21 56
0
26 56
0
31 56
0
36 56
0
41 56
0
46 56
0
51 56
0
56 56
0
61 56
0
66 56
0
71 56
0
76 56
0
81 56
0
86 56
0
91 56
0
96 56
0
101 56
0
106 56
0
111 56
0
116 56
0
121 56
0
126 56
0
131 56
0
136 56
0
141 56
0
146 56
0
151 56
0
156 56
0
161 56
0
166 56
0
171 56
0
176 56
0
181 56
0
186 56
0
191 56
0
196 56
0
201 56
0
206 56
0
211 56
0
216 56
0
221 56
0
226 56
0
231 56
0
236 56
0
241 56
0
246 56
0
251 56
0
256 56
0
1 61
0
6 61
0
11 61
0
16 61
0
21 61
0
26 61
0
31 61
0
36 61
0
41 61
0
46 61
0
51 61
0
56 61
0
61 61
0
66 61
0
71 61
0
76 61
0
81 61
0
86 61
0
91 61
0
96 61
0
101 61
0
106 61
0
111 61
0
116 61
0
121 61
0
126 61
0
131 61
0
136 61
0
141 61
0
146 61
0
151 61
0
156 61
0
161 61
0
166 61
0
171 61
0
176 61
0
181 61
0
186 61
0
191 61
0
196 61
0
201 61
0
206 61
0
211 61
0
216 61
0
221 61
0
226 61
0
231 61
0
236 61
0
241 61
0
246 61
0
251 61
0
256 61
0
1 66
0
6 66
0
11 66
0
16 66
0
21 66
0
26 66
0
31 66
0
36 66
0
41 66
0
46 66
0
51 66
0
56 66
0
61 66
0
66 66
0
71 66
0
76 66
0
81 66
0
86 66
0
91 66
0
96 66
0
101 66
0
106 66
0
111 66
0
116 66
0
121 66
0
126 66
0
131 66
0
136 66
0
141 66
0
146 66
0
151 66
0
156 66
0
161 66
0
166 66
0
171 66
0
176 66
0
181 66
0
186 66
0
191 66
0
196 66
0
201 66
0
206 66
0
211 66
0
216 66
0
221 66
0
226 66
0
231 66
0
236 66
0
241 66
0
246 66
0
251 66
0
256 66
0
1 71
0
6 71
0
11 71
0
16 71
0
21 71
0
26 71
0
31 71
0
36 71
0
41 71
0
46 71
0
51 71
0
56 71
0
61 71
0
66 71
0
71 71
0
76 71
0
81 71
0
86 71
0
91 71
0
96 71
0
101 71
0
106 71
0
111 71
0
116 71
0
121 71
0
126 71
0
131 71
0
136 71
0
141 71
0
146 71
0
151 71
0
156 71
0
161 71
0
166 71
0
171 71
0
176 71
0
181 71
0
186 71
0
191 71
0
196 71
0
201 71
0
206 71
0
211 71
0
216 71
0
221 71
0
226 71
0
231 71
0
236 71
0
241 71
0
246 71
0
251 71
0
256 71
0
1 76
0
6 76
0
11 76
0
16 76
0
21 76
0
26 76
0
31 76
0
36 76
0
41 76
0
46 76
0
51 76
0
56 76
0
61 76
0
66 76
0
71 76
0
76 76
0
81 76
0
86 76
0
91 76
0
96 76
0
101 76
0
106 76
0
111 76
0
116 76
0
121 76
0
126 76
0
131 76
0
136 76
0
141 76
0
146 76
0
151 76
0
156 76
0
161 76
0
166 76
0
171 76
0
176 76
0
181 76
0
186 76
0
191 76
0
196 76
0
201 76
0
206 76
0
211 76
0
216 76
0
221 76
0
226 76
0
231 76
0
236 76
0
241 76
0
246 76
0
251 76
0
256 76
0
1 81
0
6 81
0
11 81
0
16 81
0
21 81
0
26 81
0
31 81
0
36 81
0
41 81
0
46 81
0
51 81
0
56 81
0
61 81
0
66 81
0
71 81
0
76 81
0
81 81
0
86 81
0
91 81
0
96 81
0
101 81
0
106 81
0
111 81
0
116 81
0
121 81
0
126 81
0
131 81
0
136 81
0
141 81
0
146 81
0
151 81
0
156 81
0
161 81
0
166 81
0
171 81
0
176 81
0
181 81
0
186 81
0
191 81
0
196 81
0
201 81
0
206 81
0
211 81
0
216 81
0
221 81
0
226 81
0
231 81
0
236 81
0
241 81
0
246 81
0
251 81
0
256 81
0
1 86
0
6 86
0
11 86
0
16 86
0
21 86
0
26 86
0
31 86
0
36 86
0
41 86
0
46 86
0
51 86
0
56 86
0
61 86
0
66 86
0
71 86
0
76 86
0
81 86
0
86 86
0
91 86
0
96 86
0
101 86
0
106 86
0
111 86
0
116 86
0
121 86
0
126 86
0
131 86
0
136 86
0
141 86
0
146 86
0
151 86
0
156 86
0
161 86
0
166 86
0
171 86
0
176 86
0
181 86
0
186 86
0
191 86
0
196 86
0
201 86
0
206 86
0
211 86
0
216 86
0
221 86
0
226 86
0
231 86
0
236 86
0
241 86
0
246 86
0
251 86
0
256 86
0
1 91
0
6 91
0
11 91
0
16 91
0
21 91
0
26 91
0
31 91
0
36 91
0
41 91
0
46 91
0
51 91
0
56 91
0
61 91
0
66 91
0
71 91
0
76 91
0
81 91
0
86 91
0
91 91
0
96 91
0
101 91
0
106 91
0
111 91
0
116 91
0
121 91
0
126 91
0
131 91
0
136 91
0
141 91
0
146 91
0
151 91
0
156 91
0
161 91
0
166 91
0
171 91
0
176 91
0
181 91
0
186 91
0
191 91
0
196 91
0
201 91
0
206 91
0
211 91
0
216 91
0
221 91
0
226 91
0
231 91
0
236 91
0
241 91
0
246 91
0
251 91
0
256 91
0
1 96
0
6 96
0
11 96
0
16 96
0
21 96
0
26 96
0
31 96
0
36 96
0
41 96
0
46 96
0
51 96
0
56 96
0
61 96
0
66 96
0
71 96
0
76 96
0
81 96
0
86 96
0
91 96
0
96 96
0
101 96
0
106 96
0
111 96
0
116 96
0
121 96
0
126 96
0
131 96
0
136 96
0
141 96
0
146 96
0
151 96
0
156 96
0
161 96
0
166 96
0
171 96
0
176 96
0
181 96
0
186 96
0
191 96
0
196 96
0
201 96
0
206 96
0
211 96
0
216 96
0
221 96
0
226 96
0
231 96
0
236 96
0
241 96
0
246 96
0
251 96
0
256 96
0
1 101
0
6 101
0
11 101
0
16 101
0
21 101
0
26 101
0
31 101
0
36 101
0
41 101
0
46 101
0
51 101
0
56 101
0
61 101
0
66 101
0
71 101
0
76 101
0
81 101
0
86 101
0
91 101
0
96 101
0
101 101
0
106 101
0
111 101
0
116 101
0
121 101
0
126 101
0
131 101
0
136 101
0
141 101
0
146 101
0
151 101
0
156 101
0
161 101
0
166 101
0
171 101
0
176 101
0
181 101
0
186 101
0
191 101
0
196 101
0
201 101
0
206 101
0
211 101
0
216 101
0
221 101
0
226 101
0
231 101
0
236 101
0
241 101
0
246 101
0
251 101
0
256 101
0
1 106
0
6 106
0
11 106
0
16 106
0
21 106
0
26 106
0
31 106
0
36 106
0
41 106
0
46 106
0
51 106
0
56 106
0
61 106
0
66 106
0
71 106
0
76 106
0
81 106
0
86 106
0
91 106
0
96 106
0
101 106
0
106 106
0
111 106
0
116 106
0
121 106
0
126 106
0
131 106
0
136 106
0
141 106
0
146 106
0
151 106
0
156 106
0
161 106
0
166 106
0
171 106
0
176 106
0
181 106
0
186 106
0
191 106
0
196 106
0
201 106
0
206 106
0
211 106
0
216 106
0
221 106
0
226 106
0
231 106
0
236 106
0
241 106
0
246 106
0
251 106
0
256 106
0
1 111
0
6 111
0
11 111
0
16 111
0
21 111
0
26 111
0
31 111
0
36 111
0
41 111
0
46 111
0
51 111
0
56 111
0
61 111
0
66 111
0
71 111
0
76 111
0
81 111
0
86 111
0
91 111
0
96 111
0
101 111
0
106 111
0
111 111
0
116 111
0
121 111
0
126 111
0
131 111
0
136 111
0
141 111
0
146 111
0
151 111
0
156 111
0
161 111
0
166 111
0
171 111
0
176 111
0
181 111
0
186 111
0
191 111
0
196 111
0
201 111
0
206 111
0
211 111
0
216 111
0
221 111
0
226 111
0
231 111
0
236 111
0
241 111
0
246 111
0
251 111
0
256 111
0
1 116
0
6 116
0
11 116
0
16 116
0
21 116
0
26 116
0
31 116
0
36 116
0
41 116
0
46 116
0
51 116
0
56 116
0
61 116
0
66 116
0
71 116
0
76 116
0
81 116
0
86 116
0
91 116
0
96 116
0
101 116
0
106 116
0
111 116
0
116 116
0
121 116
0
126 116
0
131 116
0
136 116
0
141 116
0
146 116
0
151 116
0
156 116
0
161 116
0
166 116
0
171 116
0
176 116
0
181 116
0
186 116
0
191 116
0
196 116
0
201 116
0
206 116
0
211 116
0
216 116
0
221 116
0
226 116
0
231 116
0
236 116
0
241 116
0
246 116
0
251 116
0
256 116
0
1 121
0
6 121
0
11 121
0
16 121
0
21 121
0
26 121
0
31 121
0
36 121
0
41 121
0
46 121
0
51 121
0
56 121
0
61 121
0
66 121
0
71 121
0
76 121
0
81 121
0
86 121
0
91 121
0
96 121
0
101 121
0
106 121
0
111 121
0
116 121
0
121 121
0
126 121
0
131 121
0
136 121
0
141 121
0
146 121
0
151 121
0
156 121
0
161 121
0
166 121
0
171 121
0
176 121
0
181 121
0
186 121
0
191 121
0
196 121
0
201 121
0
206 121
0
211 121
0
216 121
0
221 121
0
226 121
0
231 121
0
236 121
0
241 121
0
246 121
0
251 121
0
256 121
0
1 126
0
6 126
0
11 126
0
16 126
0
21 126
0
26 126
0
31 126
0
36 126
0
41 126
0
46 126
0
51 126
0
56 126
0
61 126
0
66 126
0
71 126
0
76 126
0
81 126
0
86 126
0
91 126
0
96 126
0
101 126
0
106 126
0
111 126
0
116 126
0
121 126
0
126 126
0
131 126
0
136 126
0
141 126
0
146 126
0
151 126
0
156 126
0
161 126
0
166 126
0
171 126
0
176 126
0
181 126
0
186 126
0
191 126
0
196 126
0
201 126
0
206 126
0
211 126
0
216 126
0
221 126
0
226 126
0
231 126
0
236 126
0
241 126
0
246 126
0
251 126
0
256 126
0
1 131
0
6 131
0
11 131
0
16 131
0
21 131
0
26 131
0
31 131
0
36 131
0
41 131
0
46 131
0
51 131
0
56 131
0
61 131
0
66 131
0
71 131
0
76 131
0
81 131
0
86 131
0
91 131
0
96 131
0
101 131
0
106 131
0
111 131
0
116 131
0
121 131
0
126 131
0
131 131
0
136 131
0
141 131
0
146 131
0
151 131
0
156 131
0
161 131
0
166 131
0
171 131
0
176 131
0
181 131
0
186 131
0
191 131
0
196 131
0
201 131
0
206 131
0
211 131
0
216 131
0
221 131
0
226 131
0
231 131
0
236 131
0
241 131
0
246 131
0
251 131
0
256 131
0
1 136
0
6 136
0
11 136
0
16 136
0
21 136
0
26 136
0
31 136
0
36 136
0
41 136
0
46 136
0
51 136
0
56 136
0
61 136
0
66 136
0
71 136
0
76 136
0
81 136
0
86 136
0
91 136
0
96 136
0
101 136
0
106 136
0
111 136
0
116 136
0
121 136
0
126 136
0
131 136
0
136 136
0
141 136
0
146 136
0
151 136
0
156 136
0
161 136
0
166 136
0
171 136
0
176 136
0
181 136
0
186 136
0
191 136
0
196 136
0
201 136
0
206 136
0
211 136
0
216 136
0
221 136
0
226 136
0
231 136
0
236 136
0
241 136
0
246 136
0
251 136
0
256 136
0
1 141
0
6 141
0
11 141
0
16 141
0
21 141
0
26 141
0
31 141
0
36 141
0
41 141
0
46 141
0
51 141
0
56 141
0
61 141
0
66 141
0
71 141
0
76 141
0
81 141
0
86 141
0
91 141
0
96 141
0
101 141
0
106 141
0
111 141
0
116 141
0
121 141
0
126 141
0
131 141
0
136 141
0
141 141
0
146 141
0
151 141
0
156 141
0
161 141
0
166 141
0
171 141
0
176 141
0
181 141
0
186 141
0
191 141
0
196 141
0
201 141
0
206 141
0
211 141
0
216 141
0
221 141
0
226 141
0
231 141
0
236 141
0
241 141
0
246 141
0
251 141
0
256 141
0
1 146
0
6 146
0
11 146
0
16 146
0
21 146
0
26 146
0
31 146
0
36 146
0
41 146
0
46 146
0
51 146
0
56 146
0
61 146
0
66 146
0
71 146
0
76 146
0
81 146
0
86 146
0
91 146
0
96 146
0
101 146
0
106 146
0
111 146
0
116 146
0
121 146
0
126 146
0
131 146
0
136 146
0
141 146
0
146 146
0
151 146
0
156 146
0
161 146
0
166 146
0
171 146
0
176 146
0
181 146
0
186 146
0
191 146
0
196 146
0
201 146
0
206 146
0
211 146
0
216 146
0
221 146
0
226 146
0
231 146
0
236 146
0
241 146
0
246 146
0
251 146
0
256 146
0
1 151
0
6 151
0
11 151
0
16 151
0
21 151
0
26 151
0
31 151
0
36 151
0
41 151
0
46 151
0
51 151
0
56 151
0
61 151
0
66 151
0
71 151
0
76 151
0
81 151
0
86 151
0
91 151
0
96 151
0
101 151
0
106 151
0
111 151
0
116 151
0
121 151
0
126 151
0
131 151
0
136 151
0
141 151
0
146 151
0
151 151
0
156 151
0
161 151
0
166 151
0
171 151
0
176 151
0
181 151
0
186 151
0
191 151
0
196 151
0
201 151
0
206 151
0
211 151
0
216 151
0
221 151
0
226 151
0
231 151
0
236 151
0
241 151
0
246 151
0
251 151
0
256 151
0
1 156
0
6 156
0
11 156
0
16 156
0
21 156
0
26 156
0
31 156
0
36 156
0
41 156
0
46 156
0
51 156
0
56 156
0
61 156
0
66 156
0
71 156
0
76 156
0
81 156
0
86 156
0
91 156
0
96 156
0
101 156
0
106 156
0
111 156
0
116 156
0
121 156
0
126 156
0
131 156
0
136 156
0
141 156
0
146 156
0
151 156
0
156 156
0
161 156
0
166 156
0
171 156
0
176 156
0
181 156
0
186 156
0
191 156
0
196 156
0
201 156
0
206 156
0
211 156
0
216 156
0
221 156
0
226 156
0
231 156
0
236 156
0
241 156
0
246 156
0
251 156
0
256 156
0
1 161
0
6 161
0
11 161
0
16 161
0
21 161
0
26 161
0
31 161
0
36 161
0
41 161
0
46 161
0
51 161
0
56 161
0
61 161
0
66 161
0
71 161
0
76 161
0
81 161
0
86 161
0
91 161
0
96 161
0
101 161
0
106 161
0
111 161
0
116 161
0
121 161
0
126 161
0
131 161
0
136 161
0
141 161
0
146 161
0
151 161
0
156 161
0
161 161
0
166 161
0
171 161
0
176 161
0
181 161
0
186 161
0
191 161
0
196 161
0
201 161
0
206 161
0
211 161
0
216 161
0
221 161
0
226 161
0
231 161
0
236 161
0
241 161
0
246 161
0
251 161
0
256 161
0
1 166
0
6 166
0
11 166
0
16 166
0
21 166
0
26 166
0
31 166
0
36 166
0
41 166
0
46 166
0
51 166
0
56 166
0
61 166
0
66 166
0
71 166
0
76 166
0
81 166
0
86 166
0
91 166
0
96 166
0
101 166
0
106 166
0
111 166
0
116 166
0
121 166
0
126 166
0
131 166
0
136 166
0
141 166
0
146 166
0
151 166
0
156 166
0
161 166
0
166 166
0
171 166
0
176 166
0
181 166
0
186 166
0
191 166
0
196 166
0
201 166
0
206 166
0
211 166
0
216 166
0
221 166
0
226 166
0
231 166
0
236 166
0
241 166
0
246 166
0
251 166
0
256 166
0
1 171
0
6 171
0
11 171
0
16 171
0
21 171
0
26 171
0
31 171
0
36 171
0
41 171
0
46 171
0
51 171
0
56 171
0
61 171
0
66 171
0
71 171
0
76 171
0
81 171
0
86 171
0
91 171
0
96 171
0
101 171
0
106 171
0
111 171
0
116 171
0
121 171
0
126 171
0
131 171
0
136 171
0
141 171
0
146 171
0
151 171
0
156 171
0
161 171
0
166 171
0
171 171
0
176 171
0
181 171
0
186 171
0
191 171
0
196 171
0
201 171
0
206 171
0
211 171
0
216 171
0
221 171
0
226 171
0
231 171
0
236 171
0
241 171
0
246 171
0
251 171
0
256 171
0
1 176
0
6 176
0
11 176
0
16 176
0
21 176
0
26 176
0
31 176
0
36 176
0
41 176
0
46 176
0
51 176
0
56 176
0
61 176
0
66 176
0
71 176
0
76 176
0
81 176
0
86 176
0
91 176
0
96 176
0
101 176
0
106 176
0
111 176
0
116 176
0
121 176
0
126 176
0
131 176
0
136 176
0
141 176
0
146 176
0
151 176
0
156 176
0
161 176
0
166 176
0
171 176
0
176 176
0
181 176
0
186 176
0
191 176
0
196 176
0
201 176
0
206 176
0
211 176
0
216 176
0
221 176
0
226 176
0
231 176
0
236 176
0
241 176
0
246 176
0
251 176
0
256 176
0
1 181
0
6 181
0
11 181
0
16 181
0
21 181
0
26 181
0
31 181
0
36 181
0
41 181
0
46 181
0
51 181
0
56 181
0
61 181
0
66 181
0
71 181
0
76 181
0
81 181
0
86 181
0
91 181
0
96 181
0
101 181
0
106 181
0
111 181
0
116 181
0
121 181
0
126 181
0
131 181
0
136 181
0
141 181
0
146 181
0
151 181
0
156 181
0
161 181
0
166 181
0
171 181
0
176 181
0
181 181
0
186 181
0
191 181
0
196 181
0
201 181
0
206 181
0
211 181
0
216 181
0
221 181
0
226 181
0
231 181
0
236 181
0
241 181
0
246 181
0
251 181
0
256 181
0
1 186
0
6 186
0
11 186
0
16 186
0
21 186
0
26 186
0
31 186
0
36 186
0
41 186
0
46 186
0
51 186
0
56 186
0
61 186
0
66 186
0
71 186
0
76 186
0
81 186
0
86 186
0
91 186
0
96 186
0
101 186
0
106 186
0
111 186
0
116 186
0
121 186
0
126 186
0
131 186
0
136 186
0
141 186
0
146 186
0
151 186
0
156 186
0
161 186
0
166 186
0
171 186
0
176 186
0
181 186
0
186 186
0
191 186
0
196 186
0
201 186
0
206 186
0
211 186
0
216 186
0
221 186
0
226 186
0
231 186
0
236 186
0
241 186
0
246 186
0
251 186
0
256 186
0
1 191
0
6 191
0
11 191
0
16 191
0
21 191
0
26 191
0
31 191
0
36 191
0
41 191
0
46 191
0
51 191
0
56 191
0
61 191
0
66 191
0
71 191
0
76 191
0
81 191
0
86 191
0
91 191
0
96 191
0
101 191
0
106 191
0
111 191
0
116 191
0
121 191
0
126 191
0
131 191
0
136 191
0
141 191
0
146 191
0
151 191
0
156 191
0
161 191
0
166 191
0
171 191
0
176 191
0
181 191
0
186 191
0
191 191
0
196 191
0
201 191
0
206 191
0
211 191
0
216 191
0
221 191
0
226 191
0
231 191
0
236 191
0
241 191
0
246 191
0
251 191
0
256 191
0
1 196
0
6 196
0
11 196
0
16 196
0
21 196
0
26 196
0
31 196
0
36 196
0
41 196
0
46 196
0
51 196
0
56 196
0
61 196
0
66 196
0
71 196
0
76 196
0
81 196
0
86 196
0
91 196
0
96 196
0
101 196
0
106 196
0
111 196
0
116 196
0
121 196
0
126 196
0
131 196
0
136 196
0
141 196
0
146 196
0
151 196
0
156 196
0
161 196
0
166 196
0
171 196
0
176 196
0
181 196
0
186 196
0
191 196
0
196 196
0
201 196
0
206 196
0
211 196
0
216 196
0
221 196
0
226 196
0
231 196
0
236 196
0
241 196
0
246 196
0
251 196
0
256 196
0
1 201
0
6 201
0
11 201
0
16 201
0
21 201
0
26 201
0
31 201
0
36 201
0
41 201
0
46 201
0
51 201
0
56 201
0
61 201
0
66 201
0
71 201
0
76 201
0
81 201
0
86 201
0
91 201
0
96 201
0
101 201
0
106 201
0
111 201
0
116 201
0
121 201
0
126 201
0
131 201
0
136 201
0
141 201
0
146 201
0
151 201
0
156 201
0
161 201
0
166 201
0
171 201
0
176 201
0
181 201
0
186 201
0
191 201
0
196 201
0
201 201
0
206 201
0
211 201
0
216 201
0
221 201
0
226 201
0
231 201
0
236 201
0
241 201
0
246 201
0
251 201
0
256 201
0
1 206
0
6 206
0
11 206
0
16 206
0
21 206
0
26 206
0
31 206
0
36 206
0
41 206
0
46 206
0
51 206
0
56 206
0
61 206
0
66 206
0
71 206
0
76 206
0
81 206
0
86 206
0
91 206
0
96 206
0
101 206
0
106 206
0
111 206
0
116 206
0
121 206
0
126 206
0
131 206
0
136 206
0
141 206
0
146 206
0
151 206
0
156 206
0
161 206
0
166 206
0
171 206
0
176 206
0
181 206
0
186 206
0
191 206
0
196 206
0
201 206
0
206 206
0
211 206
0
216 206
0
221 206
0
226 206
0
231 206
0
236 206
0
241 206
0
246 206
0
251 206
0
256 206
0
1 211
0
6 211
0
11 211
0
16 211
0
21 211
0
26 211
0
31 211
0
36 211
0
41 211
0
46 211
0
51 211
0
56 211
0
61 211
0
66 211
0
71 211
0
76 211
0
81 211
0
86 211
0
91 211
0
96 211
0
101 211
0
106 211
0
111 211
0
116 211
0
121 211
0
126 211
0
131 211
0
136 211
0
141 211
0
146 211
0
151 211
0
156 211
0
161 211
0
166 211
0
171 211
0
176 211
0
181 211
0
186 211
0
191 211
0
196 211
0
201 211
0
206 211
0
211 211
0
216 211
0
221 211
0
226 211
0
231 211
0
236 211
0
241 211
0
246 211
0
251 211
0
256 211
0
1 216
0
6 216
0
11 216
0
16 216
0
21 216
0
26 216
0
31 216
0
36 216
0
41 216
0
46 216
0
51 216
0
56 216
0
61 216
0
66 216
0
71 216
0
76 216
0
81 216
0
86 216
0
91 216
0
96 216
0
101 216
0
106 216
0
111 216
0
116 216
0
121 216
0
126 216
0
131 216
0
136 216
0
141 216
0
146 216
0
151 216
0
156 216
0
161 216
0
166 216
0
171 216
0
176 216
0
181 216
0
186 216
0
191 216
0
196 216
0
201 216
0
206 216
0
211 216
0
216 216
0
221 216
0
226 216
0
231 216
0
236 216
0
241 216
0
246 216
0
251 216
0
256 216
0
1 221
0
6 221
0
11 221
0
16 221
0
21 221
0
26 221
0
31 221
0
36 221
0
41 221
0
46 221
0
51 221
0
56 221
0
61 221
0
66 221
0
71 221
0
76 221
0
81 221
0
86 221
0
91 221
0
96 221
0
101 221
0
106 221
0
111 221
0
116 221
0
121 221
0
126 221
0
131 221
0
136 221
0
141 221
0
146 221
0
151 221
0
156 221
0
161 221
0
166 221
0
171 221
0
176 221
0
181 221
0
186 221
0
191 221
0
196 221
0
201 221
0
206 221
0
211 221
0
216 221
0
221 221
0
226 221
0
231 221
0
236 221
0
241 221
0
246 221
0
251 221
0
256 221
0
1 226
0
6 226
0
11 226
0
16 226
0
21 226
0
26 226
0
31 226
0
36 226
0
41 226
0
46 226
0
51 226
0
56 226
0
61 226
0
66 226
0
71 226
0
76 226
0
81 226
0
86 226
0
91 226
0
96 226
0
101 226
0
106 226
0
111 226
0
116 226
0
121 226
0
126 226
0
131 226
0
136 226
0
141 226
0
146 226
0
151 226
0
156 226
0
161 226
0
166 226
0
171 226
0
176 226
0
181 226
0
186 226
0
191 226
0
196 226
0
201 226
0
206 226
0
211 226
0
216 226
0
221 226
0
226 226
0
231 226
0
236 226
0
241 226
0
246 226
0
251 226
0
256 226
0
1 231
0
6 231
0
11 231
0
16 231
0
21 231
0
26 231
0
31 231
0
36 231
0
41 231
0
46 231
0
51 231
0
56 231
0
61 231
0
66 231
0
71 231
0
76 231
0
81 231
0
86 231
0
91 231
0
96 231
0
101 231
0
106 231
0
111 231
0
116 231
0
121 231
0
126 231
0
131 231
0
136 231
0
141 231
0
146 231
0
151 231
0
156 231
0
161 231
0
166 231
0
171 231
0
176 231
0
181 231
0
186 231
0
191 231
0
196 231
0
201 231
0
206 231
0
211 231
0
216 231
0
221 231
0
226 231
0
231 231
0
236 231
0
241 231
0
246 231
0
251 231
0
256 231
0
1 236
0
6 236
0
11 236
0
16 236
0
21 236
0
26 236
0
31 236
0
36 236
0
41 236
0
46 236
0
51 236
0
56 236
0
61 236
0
66 236
0
71 236
0
76 236
0
81 236
0
86 236
0
91 236
0
96 236
0
101 236
0
106 236
0
111 236
0
116 236
0
121 236
0
126 236
0
131 236
0
136 236
0
141 236
0
146 236
0
151 236
0
156 236
0
161 236
0
166 236
0
171 236
0
176 236
0
181 236
0
186 236
0
191 236
0
196 236
0
201 236
0
206 236
0
211 236
0
216 236
0
221 236
0
226 236
0
231 236
0
236 236
0
241 236
0
246 236
0
251 236
0
256 236
0
1 241
0
6 241
0
11 241
0
16 241
0
21 241
0
26 241
0
31 241
0
36 241
0
41 241
0
46 241
0
51 241
0
56 241
0
61 241
0
66 241
0
71 241
0
76 241
0
81 241
0
86 241
0
91 241
0
96 241
0
101 241
0
106 241
0
111 241
0
116 241
0
121 241
0
126 241
0
131 241
0
136 241
0
141 241
0
146 241
0
151 241
0
156 241
0
161 241
0
166 241
0
171 241
0
176 241
0
181 241
0
186 241
0
191 241
0
196 241
0
201 241
0
206 241
0
211 241
0
216 241
0
221 241
0
226 241
0
231 241
0
236 241
0
241 241
0
246 241
0
251 241
0
256 241
0
1 246
0
6 246
0
11 246
0
16 246
0
21 246
0
26 246
0
31 246
0
36 246
0
41 246
0
46 246
0
51 246
0
56 246
0
61 246
0
66 246
0
71 246
0
76 246
0
81 246
0
86 246
0
91 246
0
96 246
0
101 246
0
106 246
0
111 246
0
116 246
0
121 246
0
126 246
0
131 246
0
136 246
0
141 246
0
146 246
0
151 246
0
156 246
0
161 246
0
166 246
0
171 246
0
176 246
0
181 246
0
186 246
0
191 246
0
196 246
0
201 246
0
206 246
0
211 246
0
216 246
0
221 246
0
226 246
0
231 246
0
236 246
0
241 246
0
246 246
0
251 246
0
256 246
0
1 251
0
6 251
0
11 251
0
16 251
0
21 251
0
26 251
0
31 251
0
36 251
0
41 251
0
46 251
0
51 251
0
56 251
0
61 251
0
66 251
0
71 251
0
76 251
0
81 251
0
86 251
0
91 251
0
96 251
0
101 251
0
106 251
0
111 251
0
116 251
0
121 251
0
126 251
0
131 251
0
136 251
0
141 251
0
146 251
0
151 251
0
156 251
0
161 251
0
166 251
0
171 251
0
176 251
0
181 251
0
186 251
0
191 251
0
196 251
0
201 251
0
206 251
0
211 251
0
216 251
0
221 251
0
226 251
0
231 251
0
236 251
0
241 251
0
246 251
0
251 251
0
256 251
0
1 256
0
6 256
0
11 256
0
16 256
0
21 256
0
26 256
0
31 256
0
36 256
0
41 256
0
46 256
0
51 256
0
56 256
0
61 256
0
66 256
0
71 256
0
76 256
0
81 256
0
86 256
0
91 256
0
96 256
0
101 256
0
106 256
0
111 256
0
116 256
0
121 256
0
126 256
0
131 256
0
136 256
0
141 256
0
146 256
0
151 256
0
156 256
0
161 256
0
166 256
0
171 256
0
176 256
0
181 256
0
186 256
0
191 256
0
196 256
0
201 256
0
206 256
0
211 256
0
216 256
0
221 256
0
226 256
0
231 256
0
236 256
0
241 256
0
246 256
0
251 256
0
256 256
0
0 0
